

Starting Jacobi with FUNC_F0



1 Processes

Berechnungszeit:    0.000856 s 
Speicherbedarf:     0.009537 MiB
Berechnungsmethode: Jacobi
Interlines:         2
Stoerfunktion:      f(x,y) = 0
Terminierung:       Anzahl der Iterationen
Anzahl Iterationen: 1024
Norm des Fehlers:   2.097391e-06

Matrix:
2.000000001.875000001.750000001.625000001.500000001.375000001.250000001.125000001.00000000
1.875000001.749964251.624933941.499913691.374906581.249913691.124933940.999964250.87500000
1.750000001.624933941.499877941.374840531.249827381.124840530.999877940.874933940.75000000
1.625000001.499913691.374840531.249791631.124774470.999791630.874840530.749913690.62500000
1.500000001.374906581.249827381.124774470.999755880.874774470.749827380.624906580.50000000
1.375000001.249913691.124840530.999791630.874774470.749791630.624840530.499913690.37500000
1.250000001.124933940.999877940.874840530.749827380.624840530.499877940.374933940.25000000
1.125000000.999964250.874933940.749913690.624906580.499913690.374933940.249964250.12500000
1.000000000.875000000.750000000.625000000.500000000.375000000.250000000.125000000.00000000


2 Processes

Lines = 13, Startline = 0, Endline = 12
Rank 0 allocates 14 lines, with 1 bufferlines
rank 0: (0.041667 * (24 - 0)) = 1.000000
rank 0: (0.041667 * (24 - 1)) = 0.958333
rank 0: (0.041667 * (24 - 2)) = 0.916667
rank 0: (0.041667 * (24 - 3)) = 0.875000
rank 0: (0.041667 * (24 - 4)) = 0.833333
rank 0: (0.041667 * (24 - 5)) = 0.791667
rank 0: (0.041667 * (24 - 6)) = 0.750000
rank 0: (0.041667 * (24 - 7)) = 0.708333
rank 0: (0.041667 * (24 - 8)) = 0.666667
rank 0: (0.041667 * (24 - 9)) = 0.625000
rank 0: (0.041667 * (24 - 10)) = 0.583333
rank 0: (0.041667 * (24 - 11)) = 0.541667
rank 0: (0.041667 * (24 - 12)) = 0.500000
Lines = 12, Startline = 13, Endline = 24
Rank 1 allocates 13 lines, with 1 bufferlines
rank 1: (0.041667 * (24 - 13)) = 0.458333
rank 1: (0.041667 * (24 - 14)) = 0.416667
rank 1: (0.041667 * (24 - 15)) = 0.375000
rank 1: (0.041667 * (24 - 16)) = 0.333333
rank 1: (0.041667 * (24 - 17)) = 0.291667
rank 1: (0.041667 * (24 - 18)) = 0.250000
rank 1: (0.041667 * (24 - 19)) = 0.208333
rank 1: (0.041667 * (24 - 20)) = 0.166667
rank 1: (0.041667 * (24 - 21)) = 0.125000
rank 1: (0.041667 * (24 - 22)) = 0.083333
rank 1: (0.041667 * (24 - 23)) = 0.041667
rank 1: (0.041667 * (24 - 24)) = 0.000000
Rank 0 calculates 12 lines, from local index 1 to local index 12
Rank 1 calculates 11 lines, from local index 1 to local index 11
Berechnungszeit:    0.006623 s 
Speicherbedarf:     0.009537 MiB
Berechnungsmethode: Jacobi
Interlines:         2
Stoerfunktion:      f(x,y) = 0
Terminierung:       Anzahl der Iterationen
Anzahl Iterationen: 1024
Norm des Fehlers:   2.097391e-06

2.00000000 1.87500000 1.75000000 1.62500000 1.50000000 1.37500000 1.25000000 1.12500000 1.00000000 
1.87500000 1.74996425 1.62493394 1.49991369 1.37490658 1.24991369 1.12493394 0.99996425 0.87500000 
1.75000000 1.62493394 1.49987794 1.37484053 1.24982738 1.12484053 0.99987794 0.87493394 0.75000000 
1.62500000 1.49991369 1.37484053 1.24979163 1.12477447 0.99979163 0.87484053 0.74991369 0.62500000 
1.50000000 1.37490658 1.24982738 1.12477447 0.99975588 0.87477447 0.74982738 0.62490658 0.50000000 
1.37500000 1.24991369 1.12484053 0.99979163 0.87477447 0.74979163 0.62484053 0.49991369 0.37500000 
1.25000000 1.12493394 0.99987794 0.87484053 0.74982738 0.62484053 0.49987794 0.37493394 0.25000000 
1.12500000 0.99996425 0.87493394 0.74991369 0.62490658 0.49991369 0.37493394 0.24996425 0.12500000 
1.00000000 0.87500000 0.75000000 0.62500000 0.50000000 0.37500000 0.25000000 0.12500000 0.00000000 

2.00000000 1.95833333 1.91666667 1.87500000 1.83333333 1.79166667 1.75000000 1.70833333 1.66666667 1.62500000 1.58333333 1.54166667 1.50000000 1.45833333 1.41666667 1.37500000 1.33333333 1.29166667 1.25000000 1.20833333 1.16666667 1.12500000 1.08333333 1.04166667 1.00000000 
1.95833333 1.91666251 1.87499175 1.83332114 1.79165074 1.74998060 1.70831080 1.66664139 1.62497241 1.58330390 1.54163589 1.49996841 1.45830147 1.41663508 1.37496922 1.33330390 1.29163907 1.24997472 1.20831080 1.16664727 1.12498407 1.08332114 1.04165842 0.99999584 0.95833333 
1.91666667 1.87499175 1.83331698 1.79164249 1.74996841 1.70829487 1.66662199 1.62494988 1.58327862 1.54160830 1.49993897 1.45827069 1.41660348 1.37493736 1.33327230 1.29160830 1.24994528 1.20828321 1.16662199 1.12496154 1.08330174 1.04164249 0.99998365 0.95832509 0.91666667 
1.87500000 1.83332114 1.79164249 1.74996425 1.70828663 1.66660980 1.62493394 1.58325922 1.54158577 1.49991369 1.45824310 1.41657405 1.37490658 1.33324071 1.29157643 1.24991369 1.20825243 1.16659255 1.12493394 1.08327646 1.04161996 0.99996425 0.95830916 0.91665447 0.87500000 
1.83333333 1.79165074 1.74996841 1.70828663 1.66660564 1.62492570 1.58324702 1.54156983 1.49989429 1.45822057 1.41654877 1.37487899 1.33321127 1.29154566 1.24988210 1.20822057 1.16656096 1.12490317 1.08324702 1.04159236 0.99993897 0.95828663 0.91663508 0.87498407 0.83333333 
1.79166667 1.74998060 1.70829487 1.66660980 1.62492570 1.58324287 1.54156159 1.49988210 1.45820464 1.41652937 1.37485646 1.33318600 1.29151806 1.24985266 1.20818979 1.16652937 1.12487131 1.08321543 1.04156159 0.99990953 0.95825903 0.91660980 0.87496154 0.83331394 0.79166667 
1.75000000 1.70831080 1.66662199 1.62493394 1.58324702 1.54156159 1.49987794 1.45819639 1.41651718 1.37484053 1.33316660 1.29149553 1.24982738 1.20816220 1.16649993 1.12484053 1.08318384 1.04152973 0.99987794 0.95822825 0.91658036 0.87493394 0.83328866 0.79164414 0.75000000 
1.70833333 1.66664139 1.62494988 1.58325922 1.54156983 1.49988210 1.45819639 1.41651302 1.37483228 1.33315440 1.29147960 1.24980799 1.20813967 1.16647465 1.12481293 1.08315440 1.04149895 0.99984635 0.95819639 0.91654877 0.87490317 0.83325922 0.79161654 0.74997472 0.70833333 
1.66666667 1.62497241 1.58327862 1.54158577 1.49989429 1.45820464 1.41651718 1.37483228 1.33315025 1.29147135 1.24979579 1.20812374 1.16645525 1.12479040 1.08312913 1.04147135 0.99981691 0.95816562 0.91651718 0.87487131 0.83322763 0.79158577 0.74994528 0.70830574 0.66666667 
1.62500000 1.58330390 1.54160830 1.49991369 1.45822057 1.41652937 1.37484053 1.33315440 1.29147135 1.24979163 1.20811549 1.16644306 1.12477447 1.08310973 1.04144882 0.99979163 0.95813802 0.91648774 0.87484053 0.83319604 0.79155390 0.74991369 0.70827496 0.66663723 0.62500000 
1.58333333 1.54163589 1.49993897 1.45824310 1.41654877 1.37485646 1.33316660 1.29147960 1.24979579 1.20811549 1.16643890 1.12476623 1.08309753 1.04143289 0.99977224 0.95811549 0.91646246 0.87481293 0.83316660 0.79152313 0.74988210 0.70824310 0.66660564 0.62496922 0.58333333 
1.54166667 1.49996841 1.45827069 1.41657405 1.37487899 1.33318600 1.29149553 1.24980799 1.20812374 1.16644306 1.12476623 1.08309338 1.04142465 0.99976004 0.95809956 0.91644306 0.87479040 0.83314132 0.79149553 0.74985266 0.70821232 0.66657405 0.62493736 0.58330174 0.54166667 
1.50000000 1.45830147 1.41660348 1.37490658 1.33321127 1.29151806 1.24982738 1.20813967 1.16645525 1.12477447 1.08309753 1.04142465 0.99975588 0.95809131 0.91643087 0.87477447 0.83312192 0.79147300 0.74982738 0.70818473 0.66654461 0.62490658 0.58327015 0.54163480 0.50000000 
1.45833333 1.41663453 1.37493627 1.33323911 1.29154356 1.24985011 1.20815923 1.16647132 1.12478677 1.08310585 1.04142884 0.99975588 0.95808712 0.91642255 0.87476217 0.83310585 0.79145344 0.74980466 0.70815923 0.66651678 0.62487689 0.58323911 0.54160294 0.49996786 0.45833333 

1.50000000 1.45830092 1.41660239 1.37490496 1.33320916 1.29151549 1.24982439 1.20813631 1.16645159 1.12477056 1.08309345 1.04142045 0.99975165 0.95808712 0.91642678 0.87477056 0.83311826 0.79146965 0.74982439 0.70818215 0.66654249 0.62490496 0.58326906 0.54163425 0.50000000 
1.45833333 1.41663508 1.37493736 1.33324071 1.29154566 1.24985266 1.20816220 1.16647465 1.12479040 1.08310973 1.04143289 0.99976004 0.95809131 0.91642671 0.87476623 0.83310973 0.79145707 0.74980799 0.70816220 0.66651933 0.62487899 0.58324071 0.54160403 0.49996841 0.45833333 
1.41666667 1.37496922 1.33327230 1.29157643 1.24988210 1.20818979 1.16649993 1.12481293 1.08312913 1.04144882 0.99977224 0.95809956 0.91643087 0.87476623 0.83310557 0.79144882 0.74979579 0.70814627 0.66649993 0.62485646 0.58321543 0.54157643 0.49993897 0.45830256 0.41666667 
1.37500000 1.33330390 1.29160830 1.24991369 1.20822057 1.16652937 1.12484053 1.08315440 1.04147135 0.99979163 0.95811549 0.91644306 0.87477447 0.83310973 0.79144882 0.74979163 0.70813802 0.66648774 0.62484053 0.58319604 0.54155390 0.49991369 0.45827496 0.41663723 0.37500000 
1.33333333 1.29163907 1.24994528 1.20825243 1.16656096 1.12487131 1.08318384 1.04149895 0.99981691 0.95813802 0.91646246 0.87479040 0.83312192 0.79145707 0.74979579 0.70813802 0.66648358 0.62483228 0.58318384 0.54153797 0.49989429 0.45825243 0.41661195 0.37497241 0.33333333 
1.29166667 1.24997472 1.20828321 1.16659255 1.12490317 1.08321543 1.04152973 0.99984635 0.95816562 0.91648774 0.87481293 0.83314132 0.79147300 0.74980799 0.70814627 0.66648774 0.62483228 0.58317968 0.54152973 0.49988210 0.45823650 0.41659255 0.37494988 0.33330805 0.29166667 
1.25000000 1.20831080 1.16662199 1.12493394 1.08324702 1.04156159 0.99987794 0.95819639 0.91651718 0.87484053 0.83316660 0.79149553 0.74982738 0.70816220 0.66649993 0.62484053 0.58318384 0.54152973 0.49987794 0.45822825 0.41658036 0.37493394 0.33328866 0.29164414 0.25000000 
1.20833333 1.16664727 1.12496154 1.08327646 1.04159236 0.99990953 0.95822825 0.91654877 0.87487131 0.83319604 0.79152313 0.74985266 0.70818473 0.66651933 0.62485646 0.58319604 0.54153797 0.49988210 0.45822825 0.41657620 0.37492570 0.33327646 0.29162821 0.24998060 0.20833333 
1.16666667 1.12498407 1.08330174 1.04161996 0.99993897 0.95825903 0.91658036 0.87490317 0.83322763 0.79155390 0.74988210 0.70821232 0.66654461 0.62487899 0.58321543 0.54155390 0.49989429 0.45823650 0.41658036 0.37492570 0.33327230 0.29161996 0.24996841 0.20831740 0.16666667 
1.12500000 1.08332114 1.04164249 0.99996425 0.95828663 0.91660980 0.87493394 0.83325922 0.79158577 0.74991369 0.70824310 0.66657405 0.62490658 0.58324071 0.54157643 0.49991369 0.45825243 0.41659255 0.37493394 0.33327646 0.29161996 0.24996425 0.20830916 0.16665447 0.12500000 
1.08333333 1.04165842 0.99998365 0.95830916 0.91663508 0.87496154 0.83328866 0.79161654 0.74994528 0.70827496 0.66660564 0.62493736 0.58327015 0.54160403 0.49993897 0.45827496 0.41661195 0.37494988 0.33328866 0.29162821 0.24996841 0.20830916 0.16665031 0.12499175 0.08333333 
1.04166667 0.99999584 0.95832509 0.91665447 0.87498407 0.83331394 0.79164414 0.74997472 0.70830574 0.66663723 0.62496922 0.58330174 0.54163480 0.49996841 0.45830256 0.41663723 0.37497241 0.33330805 0.29164414 0.24998060 0.20831740 0.16665447 0.12499175 0.08332917 0.04166667 
1.00000000 0.95833333 0.91666667 0.87500000 0.83333333 0.79166667 0.75000000 0.70833333 0.66666667 0.62500000 0.58333333 0.54166667 0.50000000 0.45833333 0.41666667 0.37500000 0.33333333 0.29166667 0.25000000 0.20833333 0.16666667 0.12500000 0.08333333 0.04166667 0.00000000 



3 Processes

Lines = 9, Startline = 0, Endline = 8
Rank 0 allocates 10 lines, with 1 bufferlines
rank 0: (0.041667 * (24 - 0)) = 1.000000
rank 0: (0.041667 * (24 - 1)) = 0.958333
rank 0: (0.041667 * (24 - 2)) = 0.916667
rank 0: (0.041667 * (24 - 3)) = 0.875000
rank 0: (0.041667 * (24 - 4)) = 0.833333
rank 0: (0.041667 * (24 - 5)) = 0.791667
rank 0: (0.041667 * (24 - 6)) = 0.750000
rank 0: (0.041667 * (24 - 7)) = 0.708333
rank 0: (0.041667 * (24 - 8)) = 0.666667
Lines = 8, Startline = 9, Endline = 16
Rank 1 allocates 10 lines, with 2 bufferlines
rank 1: (0.041667 * (24 - 9)) = 0.625000
rank 1: (0.041667 * (24 - 10)) = 0.583333
rank 1: (0.041667 * (24 - 11)) = 0.541667
rank 1: (0.041667 * (24 - 12)) = 0.500000
rank 1: (0.041667 * (24 - 13)) = 0.458333
rank 1: (0.041667 * (24 - 14)) = 0.416667
rank 1: (0.041667 * (24 - 15)) = 0.375000
rank 1: (0.041667 * (24 - 16)) = 0.333333
Lines = 8, Startline = 17, Endline = 24
Rank 2 allocates 9 lines, with 1 bufferlines
rank 2: (0.041667 * (24 - 17)) = 0.291667
rank 2: (0.041667 * (24 - 18)) = 0.250000
rank 2: (0.041667 * (24 - 19)) = 0.208333
rank 2: (0.041667 * (24 - 20)) = 0.166667
rank 2: (0.041667 * (24 - 21)) = 0.125000
rank 2: (0.041667 * (24 - 22)) = 0.083333
rank 2: (0.041667 * (24 - 23)) = 0.041667
rank 2: (0.041667 * (24 - 24)) = 0.000000
Rank 0 calculates 8 lines, from local index 1 to local index 8
Rank 1 calculates 8 lines, from local index 1 to local index 8
Rank 2 calculates 7 lines, from local index 1 to local index 7
Berechnungszeit:    0.008920 s 
Speicherbedarf:     0.009537 MiB
Berechnungsmethode: Jacobi
Interlines:         2
Stoerfunktion:      f(x,y) = 0
Terminierung:       Anzahl der Iterationen
Anzahl Iterationen: 1024
Norm des Fehlers:   1.816396e-06

2.00000000 1.87500000 1.75000000 1.62500000 1.50000000 1.37500000 1.25000000 1.12500000 1.00000000 
1.87500000 1.74996425 1.62493394 1.49991369 1.37490658 1.24991369 1.12493394 0.99996425 0.87500000 
1.75000000 1.62493394 1.49987794 1.37484053 1.24982738 1.12484053 0.99987794 0.87493394 0.75000000 
1.62500000 1.49991369 1.37484053 1.24979163 1.12477447 0.99979163 0.87484053 0.74991369 0.62500000 
1.50000000 1.37490658 1.24982738 1.12477447 0.99975588 0.87477447 0.74982738 0.62490658 0.50000000 
1.37500000 1.24991369 1.12484053 0.99979163 0.87477447 0.74979163 0.62484053 0.49991369 0.37500000 
1.25000000 1.12493394 0.99987794 0.87484053 0.74982738 0.62484053 0.49987794 0.37493394 0.25000000 
1.12500000 0.99996425 0.87493394 0.74991369 0.62490658 0.49991369 0.37493394 0.24996425 0.12500000 
1.00000000 0.87500000 0.75000000 0.62500000 0.50000000 0.37500000 0.25000000 0.12500000 0.00000000 

2.00000000 1.95833333 1.91666667 1.87500000 1.83333333 1.79166667 1.75000000 1.70833333 1.66666667 1.62500000 1.58333333 1.54166667 1.50000000 1.45833333 1.41666667 1.37500000 1.33333333 1.29166667 1.25000000 1.20833333 1.16666667 1.12500000 1.08333333 1.04166667 1.00000000 
1.95833333 1.91666251 1.87499175 1.83332114 1.79165074 1.74998060 1.70831080 1.66664139 1.62497241 1.58330390 1.54163589 1.49996841 1.45830147 1.41663508 1.37496922 1.33330390 1.29163907 1.24997472 1.20831080 1.16664727 1.12498407 1.08332114 1.04165842 0.99999584 0.95833333 
1.91666667 1.87499175 1.83331698 1.79164249 1.74996841 1.70829487 1.66662199 1.62494988 1.58327862 1.54160830 1.49993897 1.45827069 1.41660348 1.37493736 1.33327230 1.29160830 1.24994528 1.20828321 1.16662199 1.12496154 1.08330174 1.04164249 0.99998365 0.95832509 0.91666667 
1.87500000 1.83332114 1.79164249 1.74996425 1.70828663 1.66660980 1.62493394 1.58325922 1.54158577 1.49991369 1.45824310 1.41657405 1.37490658 1.33324071 1.29157643 1.24991369 1.20825243 1.16659255 1.12493394 1.08327646 1.04161996 0.99996425 0.95830916 0.91665447 0.87500000 
1.83333333 1.79165074 1.74996841 1.70828663 1.66660564 1.62492570 1.58324702 1.54156983 1.49989429 1.45822057 1.41654877 1.37487899 1.33321127 1.29154566 1.24988210 1.20822057 1.16656096 1.12490317 1.08324702 1.04159236 0.99993897 0.95828663 0.91663508 0.87498407 0.83333333 
1.79166667 1.74998060 1.70829487 1.66660980 1.62492570 1.58324287 1.54156159 1.49988210 1.45820464 1.41652937 1.37485646 1.33318600 1.29151806 1.24985266 1.20818979 1.16652937 1.12487131 1.08321543 1.04156159 0.99990953 0.95825903 0.91660980 0.87496154 0.83331394 0.79166667 
1.75000000 1.70831080 1.66662199 1.62493394 1.58324702 1.54156159 1.49987794 1.45819639 1.41651718 1.37484053 1.33316660 1.29149553 1.24982738 1.20816220 1.16649993 1.12484053 1.08318384 1.04152973 0.99987794 0.95822825 0.91658036 0.87493394 0.83328866 0.79164414 0.75000000 
1.70833333 1.66664139 1.62494988 1.58325922 1.54156983 1.49988210 1.45819639 1.41651302 1.37483228 1.33315440 1.29147960 1.24980799 1.20813967 1.16647465 1.12481293 1.08315440 1.04149895 0.99984635 0.95819639 0.91654877 0.87490317 0.83325922 0.79161654 0.74997472 0.70833333 
1.66666667 1.62497241 1.58327862 1.54158577 1.49989429 1.45820464 1.41651718 1.37483228 1.33315025 1.29147135 1.24979579 1.20812374 1.16645525 1.12479040 1.08312913 1.04147135 0.99981691 0.95816562 0.91651718 0.87487131 0.83322763 0.79158577 0.74994528 0.70830574 0.66666667 
1.62500000 1.58330338 1.54160728 1.49991220 1.45821862 1.41652699 1.37483776 1.33315130 1.29146797 1.24978802 1.20811172 1.16643919 1.12477056 1.08310585 1.04144505 0.99978802 0.95813464 0.91648464 0.87483776 0.83319366 0.79155195 0.74991220 0.70827395 0.66663672 0.62500000 

1.66666667 1.62497193 1.58327767 1.54158436 1.49989246 1.45820241 1.41651458 1.37482937 1.33314707 1.29146797 1.24979225 1.20812011 1.16645159 1.12478677 1.08312559 1.04146797 0.99981374 0.95816271 0.91651458 0.87486907 0.83322580 0.79158436 0.74994433 0.70830526 0.66666667 
1.62500000 1.58330390 1.54160830 1.49991369 1.45822057 1.41652937 1.37484053 1.33315440 1.29147135 1.24979163 1.20811549 1.16644306 1.12477447 1.08310973 1.04144882 0.99979163 0.95813802 0.91648774 0.87484053 0.83319604 0.79155390 0.74991369 0.70827496 0.66663723 0.62500000 
1.58333333 1.54163589 1.49993897 1.45824310 1.41654877 1.37485646 1.33316660 1.29147960 1.24979579 1.20811549 1.16643890 1.12476623 1.08309753 1.04143289 0.99977224 0.95811549 0.91646246 0.87481293 0.83316660 0.79152313 0.74988210 0.70824310 0.66660564 0.62496922 0.58333333 
1.54166667 1.49996841 1.45827069 1.41657405 1.37487899 1.33318600 1.29149553 1.24980799 1.20812374 1.16644306 1.12476623 1.08309338 1.04142465 0.99976004 0.95809956 0.91644306 0.87479040 0.83314132 0.79149553 0.74985266 0.70821232 0.66657405 0.62493736 0.58330174 0.54166667 
1.50000000 1.45830147 1.41660348 1.37490658 1.33321127 1.29151806 1.24982738 1.20813967 1.16645525 1.12477447 1.08309753 1.04142465 0.99975588 0.95809131 0.91643087 0.87477447 0.83312192 0.79147300 0.74982738 0.70818473 0.66654461 0.62490658 0.58327015 0.54163480 0.50000000 
1.45833333 1.41663508 1.37493736 1.33324071 1.29154566 1.24985266 1.20816220 1.16647465 1.12479040 1.08310973 1.04143289 0.99976004 0.95809131 0.91642671 0.87476623 0.83310973 0.79145707 0.74980799 0.70816220 0.66651933 0.62487899 0.58324071 0.54160403 0.49996841 0.45833333 
1.41666667 1.37496922 1.33327230 1.29157643 1.24988210 1.20818979 1.16649993 1.12481293 1.08312913 1.04144882 0.99977224 0.95809956 0.91643087 0.87476623 0.83310557 0.79144882 0.74979579 0.70814627 0.66649993 0.62485646 0.58321543 0.54157643 0.49993897 0.45830256 0.41666667 
1.37500000 1.33330390 1.29160830 1.24991369 1.20822057 1.16652937 1.12484053 1.08315440 1.04147135 0.99979163 0.95811549 0.91644306 0.87477447 0.83310973 0.79144882 0.74979163 0.70813802 0.66648774 0.62484053 0.58319604 0.54155390 0.49991369 0.45827496 0.41663723 0.37500000 
1.33333333 1.29163907 1.24994528 1.20825243 1.16656096 1.12487131 1.08318384 1.04149895 0.99981691 0.95813802 0.91646246 0.87479040 0.83312192 0.79145707 0.74979579 0.70813802 0.66648358 0.62483228 0.58318384 0.54153797 0.49989429 0.45825243 0.41661195 0.37497241 0.33333333 
1.29166667 1.24997428 1.20828234 1.16659127 1.12490149 1.08321339 1.04152735 0.99984369 0.95816271 0.91648464 0.87480969 0.83313799 0.79146965 0.74980466 0.70814303 0.66648464 0.62482938 0.58317702 0.54152735 0.49988006 0.45823482 0.41659127 0.37494901 0.33330762 0.29166667 

1.33333333 1.29163859 1.24994433 1.20825103 1.16655913 1.12486907 1.08318125 1.04149604 0.99981374 0.95813464 0.91645892 0.87478677 0.83311826 0.79145344 0.74979225 0.70813464 0.66648041 0.62482938 0.58318125 0.54153574 0.49989246 0.45825103 0.41661100 0.37497193 0.33333333 
1.29166667 1.24997472 1.20828321 1.16659255 1.12490317 1.08321543 1.04152973 0.99984635 0.95816562 0.91648774 0.87481293 0.83314132 0.79147300 0.74980799 0.70814627 0.66648774 0.62483228 0.58317968 0.54152973 0.49988210 0.45823650 0.41659255 0.37494988 0.33330805 0.29166667 
1.25000000 1.20831080 1.16662199 1.12493394 1.08324702 1.04156159 0.99987794 0.95819639 0.91651718 0.87484053 0.83316660 0.79149553 0.74982738 0.70816220 0.66649993 0.62484053 0.58318384 0.54152973 0.49987794 0.45822825 0.41658036 0.37493394 0.33328866 0.29164414 0.25000000 
1.20833333 1.16664727 1.12496154 1.08327646 1.04159236 0.99990953 0.95822825 0.91654877 0.87487131 0.83319604 0.79152313 0.74985266 0.70818473 0.66651933 0.62485646 0.58319604 0.54153797 0.49988210 0.45822825 0.41657620 0.37492570 0.33327646 0.29162821 0.24998060 0.20833333 
1.16666667 1.12498407 1.08330174 1.04161996 0.99993897 0.95825903 0.91658036 0.87490317 0.83322763 0.79155390 0.74988210 0.70821232 0.66654461 0.62487899 0.58321543 0.54155390 0.49989429 0.45823650 0.41658036 0.37492570 0.33327230 0.29161996 0.24996841 0.20831740 0.16666667 
1.12500000 1.08332114 1.04164249 0.99996425 0.95828663 0.91660980 0.87493394 0.83325922 0.79158577 0.74991369 0.70824310 0.66657405 0.62490658 0.58324071 0.54157643 0.49991369 0.45825243 0.41659255 0.37493394 0.33327646 0.29161996 0.24996425 0.20830916 0.16665447 0.12500000 
1.08333333 1.04165842 0.99998365 0.95830916 0.91663508 0.87496154 0.83328866 0.79161654 0.74994528 0.70827496 0.66660564 0.62493736 0.58327015 0.54160403 0.49993897 0.45827496 0.41661195 0.37494988 0.33328866 0.29162821 0.24996841 0.20830916 0.16665031 0.12499175 0.08333333 
1.04166667 0.99999584 0.95832509 0.91665447 0.87498407 0.83331394 0.79164414 0.74997472 0.70830574 0.66663723 0.62496922 0.58330174 0.54163480 0.49996841 0.45830256 0.41663723 0.37497241 0.33330805 0.29164414 0.24998060 0.20831740 0.16665447 0.12499175 0.08332917 0.04166667 
1.00000000 0.95833333 0.91666667 0.87500000 0.83333333 0.79166667 0.75000000 0.70833333 0.66666667 0.62500000 0.58333333 0.54166667 0.50000000 0.45833333 0.41666667 0.37500000 0.33333333 0.29166667 0.25000000 0.20833333 0.16666667 0.12500000 0.08333333 0.04166667 0.00000000 



4 Processes

Lines = 7, Startline = 0, Endline = 6
Rank 0 allocates 8 lines, with 1 bufferlines
rank 0: (0.041667 * (24 - 0)) = 1.000000
rank 0: (0.041667 * (24 - 1)) = 0.958333
rank 0: (0.041667 * (24 - 2)) = 0.916667
rank 0: (0.041667 * (24 - 3)) = 0.875000
rank 0: (0.041667 * (24 - 4)) = 0.833333
rank 0: (0.041667 * (24 - 5)) = 0.791667
rank 0: (0.041667 * (24 - 6)) = 0.750000
Lines = 6, Startline = 7, Endline = 12
Rank 1 allocates 8 lines, with 2 bufferlines
rank 1: (0.041667 * (24 - 7)) = 0.708333
rank 1: (0.041667 * (24 - 8)) = 0.666667
rank 1: (0.041667 * (24 - 9)) = 0.625000
rank 1: (0.041667 * (24 - 10)) = 0.583333
rank 1: (0.041667 * (24 - 11)) = 0.541667
rank 1: (0.041667 * (24 - 12)) = 0.500000
Lines = 6, Startline = 13, Endline = 18
Rank 2 allocates 8 lines, with 2 bufferlines
rank 2: (0.041667 * (24 - 13)) = 0.458333
rank 2: (0.041667 * (24 - 14)) = 0.416667
rank 2: (0.041667 * (24 - 15)) = 0.375000
rank 2: (0.041667 * (24 - 16)) = 0.333333
rank 2: (0.041667 * (24 - 17)) = 0.291667
rank 2: (0.041667 * (24 - 18)) = 0.250000
Lines = 6, Startline = 19, Endline = 24
Rank 3 allocates 7 lines, with 1 bufferlines
rank 3: (0.041667 * (24 - 19)) = 0.208333
rank 3: (0.041667 * (24 - 20)) = 0.166667
rank 3: (0.041667 * (24 - 21)) = 0.125000
rank 3: (0.041667 * (24 - 22)) = 0.083333
rank 3: (0.041667 * (24 - 23)) = 0.041667
rank 3: (0.041667 * (24 - 24)) = 0.000000
Rank 2 calculates 6 lines, from local index 1 to local index 6
Rank 0 calculates 6 lines, from local index 1 to local index 6
Rank 1 calculates 6 lines, from local index 1 to local index 6
Rank 3 calculates 5 lines, from local index 1 to local index 5
Berechnungszeit:    0.011365 s 
Speicherbedarf:     0.009537 MiB
Berechnungsmethode: Jacobi
Interlines:         2
Stoerfunktion:      f(x,y) = 0
Terminierung:       Anzahl der Iterationen
Anzahl Iterationen: 1024
Norm des Fehlers:   1.483082e-06

2.00000000 1.87500000 1.75000000 1.62500000 1.50000000 1.37500000 1.25000000 1.12500000 1.00000000 
1.87500000 1.74996425 1.62493394 1.49991369 1.37490658 1.24991369 1.12493394 0.99996425 0.87500000 
1.75000000 1.62493394 1.49987794 1.37484053 1.24982738 1.12484053 0.99987794 0.87493394 0.75000000 
1.62500000 1.49991369 1.37484053 1.24979163 1.12477447 0.99979163 0.87484053 0.74991369 0.62500000 
1.50000000 1.37490658 1.24982738 1.12477447 0.99975588 0.87477447 0.74982738 0.62490658 0.50000000 
1.37500000 1.24991369 1.12484053 0.99979163 0.87477447 0.74979163 0.62484053 0.49991369 0.37500000 
1.25000000 1.12493394 0.99987794 0.87484053 0.74982738 0.62484053 0.49987794 0.37493394 0.25000000 
1.12500000 0.99996425 0.87493394 0.74991369 0.62490658 0.49991369 0.37493394 0.24996425 0.12500000 
1.00000000 0.87500000 0.75000000 0.62500000 0.50000000 0.37500000 0.25000000 0.12500000 0.00000000 

2.00000000 1.95833333 1.91666667 1.87500000 1.83333333 1.79166667 1.75000000 1.70833333 1.66666667 1.62500000 1.58333333 1.54166667 1.50000000 1.45833333 1.41666667 1.37500000 1.33333333 1.29166667 1.25000000 1.20833333 1.16666667 1.12500000 1.08333333 1.04166667 1.00000000 
1.95833333 1.91666251 1.87499175 1.83332114 1.79165074 1.74998060 1.70831080 1.66664139 1.62497241 1.58330390 1.54163589 1.49996841 1.45830147 1.41663508 1.37496922 1.33330390 1.29163907 1.24997472 1.20831080 1.16664727 1.12498407 1.08332114 1.04165842 0.99999584 0.95833333 
1.91666667 1.87499175 1.83331698 1.79164249 1.74996841 1.70829487 1.66662199 1.62494988 1.58327862 1.54160830 1.49993897 1.45827069 1.41660348 1.37493736 1.33327230 1.29160830 1.24994528 1.20828321 1.16662199 1.12496154 1.08330174 1.04164249 0.99998365 0.95832509 0.91666667 
1.87500000 1.83332114 1.79164249 1.74996425 1.70828663 1.66660980 1.62493394 1.58325922 1.54158577 1.49991369 1.45824310 1.41657405 1.37490658 1.33324071 1.29157643 1.24991369 1.20825243 1.16659255 1.12493394 1.08327646 1.04161996 0.99996425 0.95830916 0.91665447 0.87500000 
1.83333333 1.79165074 1.74996841 1.70828663 1.66660564 1.62492570 1.58324702 1.54156983 1.49989429 1.45822057 1.41654877 1.37487899 1.33321127 1.29154566 1.24988210 1.20822057 1.16656096 1.12490317 1.08324702 1.04159236 0.99993897 0.95828663 0.91663508 0.87498407 0.83333333 
1.79166667 1.74998060 1.70829487 1.66660980 1.62492570 1.58324287 1.54156159 1.49988210 1.45820464 1.41652937 1.37485646 1.33318600 1.29151806 1.24985266 1.20818979 1.16652937 1.12487131 1.08321543 1.04156159 0.99990953 0.95825903 0.91660980 0.87496154 0.83331394 0.79166667 
1.75000000 1.70831080 1.66662199 1.62493394 1.58324702 1.54156159 1.49987794 1.45819639 1.41651718 1.37484053 1.33316660 1.29149553 1.24982738 1.20816220 1.16649993 1.12484053 1.08318384 1.04152973 0.99987794 0.95822825 0.91658036 0.87493394 0.83328866 0.79164414 0.75000000 
1.70833333 1.66664095 1.62494901 1.58325793 1.54156816 1.49988006 1.45819402 1.41651035 1.37482937 1.33315130 1.29147636 1.24980466 1.20813631 1.16647132 1.12480969 1.08315130 1.04149604 0.99984369 0.95819402 0.91654672 0.87490149 0.83325793 0.79161567 0.74997428 0.70833333 

1.75000000 1.70831041 1.66662122 1.62493280 1.58324553 1.54155977 1.49987583 1.45819402 1.41651458 1.37483776 1.33316371 1.29149257 1.24982439 1.20815923 1.16649704 1.12483776 1.08318125 1.04152735 0.99987583 0.95822643 0.91657886 0.87493280 0.83328788 0.79164375 0.75000000 
1.70833333 1.66664139 1.62494988 1.58325922 1.54156983 1.49988210 1.45819639 1.41651302 1.37483228 1.33315440 1.29147960 1.24980799 1.20813967 1.16647465 1.12481293 1.08315440 1.04149895 0.99984635 0.95819639 0.91654877 0.87490317 0.83325922 0.79161654 0.74997472 0.70833333 
1.66666667 1.62497241 1.58327862 1.54158577 1.49989429 1.45820464 1.41651718 1.37483228 1.33315025 1.29147135 1.24979579 1.20812374 1.16645525 1.12479040 1.08312913 1.04147135 0.99981691 0.95816562 0.91651718 0.87487131 0.83322763 0.79158577 0.74994528 0.70830574 0.66666667 
1.62500000 1.58330390 1.54160830 1.49991369 1.45822057 1.41652937 1.37484053 1.33315440 1.29147135 1.24979163 1.20811549 1.16644306 1.12477447 1.08310973 1.04144882 0.99979163 0.95813802 0.91648774 0.87484053 0.83319604 0.79155390 0.74991369 0.70827496 0.66663723 0.62500000 
1.58333333 1.54163589 1.49993897 1.45824310 1.41654877 1.37485646 1.33316660 1.29147960 1.24979579 1.20811549 1.16643890 1.12476623 1.08309753 1.04143289 0.99977224 0.95811549 0.91646246 0.87481293 0.83316660 0.79152313 0.74988210 0.70824310 0.66660564 0.62496922 0.58333333 
1.54166667 1.49996841 1.45827069 1.41657405 1.37487899 1.33318600 1.29149553 1.24980799 1.20812374 1.16644306 1.12476623 1.08309338 1.04142465 0.99976004 0.95809956 0.91644306 0.87479040 0.83314132 0.79149553 0.74985266 0.70821232 0.66657405 0.62493736 0.58330174 0.54166667 
1.50000000 1.45830147 1.41660348 1.37490658 1.33321127 1.29151806 1.24982738 1.20813967 1.16645525 1.12477447 1.08309753 1.04142465 0.99975588 0.95809131 0.91643087 0.87477447 0.83312192 0.79147300 0.74982738 0.70818473 0.66654461 0.62490658 0.58327015 0.54163480 0.50000000 
1.45833333 1.41663453 1.37493627 1.33323911 1.29154356 1.24985011 1.20815923 1.16647132 1.12478677 1.08310585 1.04142884 0.99975588 0.95808712 0.91642255 0.87476217 0.83310585 0.79145344 0.74980466 0.70815923 0.66651678 0.62487689 0.58323911 0.54160294 0.49996786 0.45833333 

1.50000000 1.45830092 1.41660239 1.37490496 1.33320916 1.29151549 1.24982439 1.20813631 1.16645159 1.12477056 1.08309345 1.04142045 0.99975165 0.95808712 0.91642678 0.87477056 0.83311826 0.79146965 0.74982439 0.70818215 0.66654249 0.62490496 0.58326906 0.54163425 0.50000000 
1.45833333 1.41663508 1.37493736 1.33324071 1.29154566 1.24985266 1.20816220 1.16647465 1.12479040 1.08310973 1.04143289 0.99976004 0.95809131 0.91642671 0.87476623 0.83310973 0.79145707 0.74980799 0.70816220 0.66651933 0.62487899 0.58324071 0.54160403 0.49996841 0.45833333 
1.41666667 1.37496922 1.33327230 1.29157643 1.24988210 1.20818979 1.16649993 1.12481293 1.08312913 1.04144882 0.99977224 0.95809956 0.91643087 0.87476623 0.83310557 0.79144882 0.74979579 0.70814627 0.66649993 0.62485646 0.58321543 0.54157643 0.49993897 0.45830256 0.41666667 
1.37500000 1.33330390 1.29160830 1.24991369 1.20822057 1.16652937 1.12484053 1.08315440 1.04147135 0.99979163 0.95811549 0.91644306 0.87477447 0.83310973 0.79144882 0.74979163 0.70813802 0.66648774 0.62484053 0.58319604 0.54155390 0.49991369 0.45827496 0.41663723 0.37500000 
1.33333333 1.29163907 1.24994528 1.20825243 1.16656096 1.12487131 1.08318384 1.04149895 0.99981691 0.95813802 0.91646246 0.87479040 0.83312192 0.79145707 0.74979579 0.70813802 0.66648358 0.62483228 0.58318384 0.54153797 0.49989429 0.45825243 0.41661195 0.37497241 0.33333333 
1.29166667 1.24997472 1.20828321 1.16659255 1.12490317 1.08321543 1.04152973 0.99984635 0.95816562 0.91648774 0.87481293 0.83314132 0.79147300 0.74980799 0.70814627 0.66648774 0.62483228 0.58317968 0.54152973 0.49988210 0.45823650 0.41659255 0.37494988 0.33330805 0.29166667 
1.25000000 1.20831080 1.16662199 1.12493394 1.08324702 1.04156159 0.99987794 0.95819639 0.91651718 0.87484053 0.83316660 0.79149553 0.74982738 0.70816220 0.66649993 0.62484053 0.58318384 0.54152973 0.49987794 0.45822825 0.41658036 0.37493394 0.33328866 0.29164414 0.25000000 
1.20833333 1.16664693 1.12496087 1.08327548 1.04159108 0.99990796 0.95822643 0.91654672 0.87486907 0.83319366 0.79152064 0.74985011 0.70818215 0.66651678 0.62485397 0.58319366 0.54153574 0.49988006 0.45822643 0.41657463 0.37492441 0.33327548 0.29162754 0.24998027 0.20833333 

1.25000000 1.20831041 1.16662122 1.12493280 1.08324553 1.04155977 0.99987583 0.95819402 0.91651458 0.87483776 0.83316371 0.79149257 0.74982439 0.70815923 0.66649704 0.62483776 0.58318125 0.54152735 0.49987583 0.45822643 0.41657886 0.37493280 0.33328788 0.29164375 0.25000000 
1.20833333 1.16664727 1.12496154 1.08327646 1.04159236 0.99990953 0.95822825 0.91654877 0.87487131 0.83319604 0.79152313 0.74985266 0.70818473 0.66651933 0.62485646 0.58319604 0.54153797 0.49988210 0.45822825 0.41657620 0.37492570 0.33327646 0.29162821 0.24998060 0.20833333 
1.16666667 1.12498407 1.08330174 1.04161996 0.99993897 0.95825903 0.91658036 0.87490317 0.83322763 0.79155390 0.74988210 0.70821232 0.66654461 0.62487899 0.58321543 0.54155390 0.49989429 0.45823650 0.41658036 0.37492570 0.33327230 0.29161996 0.24996841 0.20831740 0.16666667 
1.12500000 1.08332114 1.04164249 0.99996425 0.95828663 0.91660980 0.87493394 0.83325922 0.79158577 0.74991369 0.70824310 0.66657405 0.62490658 0.58324071 0.54157643 0.49991369 0.45825243 0.41659255 0.37493394 0.33327646 0.29161996 0.24996425 0.20830916 0.16665447 0.12500000 
1.08333333 1.04165842 0.99998365 0.95830916 0.91663508 0.87496154 0.83328866 0.79161654 0.74994528 0.70827496 0.66660564 0.62493736 0.58327015 0.54160403 0.49993897 0.45827496 0.41661195 0.37494988 0.33328866 0.29162821 0.24996841 0.20830916 0.16665031 0.12499175 0.08333333 
1.04166667 0.99999584 0.95832509 0.91665447 0.87498407 0.83331394 0.79164414 0.74997472 0.70830574 0.66663723 0.62496922 0.58330174 0.54163480 0.49996841 0.45830256 0.41663723 0.37497241 0.33330805 0.29164414 0.24998060 0.20831740 0.16665447 0.12499175 0.08332917 0.04166667 
1.00000000 0.95833333 0.91666667 0.87500000 0.83333333 0.79166667 0.75000000 0.70833333 0.66666667 0.62500000 0.58333333 0.54166667 0.50000000 0.45833333 0.41666667 0.37500000 0.33333333 0.29166667 0.25000000 0.20833333 0.16666667 0.12500000 0.08333333 0.04166667 0.00000000 



5 Processes

Lines = 5, Startline = 0, Endline = 4
Rank 0 allocates 6 lines, with 1 bufferlines
rank 0: (0.041667 * (24 - 0)) = 1.000000
rank 0: (0.041667 * (24 - 1)) = 0.958333
rank 0: (0.041667 * (24 - 2)) = 0.916667
rank 0: (0.041667 * (24 - 3)) = 0.875000
rank 0: (0.041667 * (24 - 4)) = 0.833333
Lines = 5, Startline = 5, Endline = 9
Rank 1 allocates 7 lines, with 2 bufferlines
rank 1: (0.041667 * (24 - 5)) = 0.791667
rank 1: (0.041667 * (24 - 6)) = 0.750000
rank 1: (0.041667 * (24 - 7)) = 0.708333
rank 1: (0.041667 * (24 - 8)) = 0.666667
rank 1: (0.041667 * (24 - 9)) = 0.625000
Lines = 5, Startline = 10, Endline = 14
Rank 2 allocates 7 lines, with 2 bufferlines
rank 2: (0.041667 * (24 - 10)) = 0.583333
rank 2: (0.041667 * (24 - 11)) = 0.541667
rank 2: (0.041667 * (24 - 12)) = 0.500000
rank 2: (0.041667 * (24 - 13)) = 0.458333
rank 2: (0.041667 * (24 - 14)) = 0.416667
Lines = 5, Startline = 15, Endline = 19
Rank 3 allocates 7 lines, with 2 bufferlines
rank 3: (0.041667 * (24 - 15)) = 0.375000
rank 3: (0.041667 * (24 - 16)) = 0.333333
rank 3: (0.041667 * (24 - 17)) = 0.291667
rank 3: (0.041667 * (24 - 18)) = 0.250000
rank 3: (0.041667 * (24 - 19)) = 0.208333
Lines = 5, Startline = 20, Endline = 24
Rank 4 allocates 6 lines, with 1 bufferlines
rank 4: (0.041667 * (24 - 20)) = 0.166667
rank 4: (0.041667 * (24 - 21)) = 0.125000
rank 4: (0.041667 * (24 - 22)) = 0.083333
rank 4: (0.041667 * (24 - 23)) = 0.041667
rank 4: (0.041667 * (24 - 24)) = 0.000000
Rank 0 calculates 4 lines, from local index 1 to local index 4
Rank 1 calculates 5 lines, from local index 1 to local index 5
Rank 2 calculates 5 lines, from local index 1 to local index 5
Rank 3 calculates 5 lines, from local index 1 to local index 5
Rank 4 calculates 4 lines, from local index 1 to local index 4
Berechnungszeit:    0.012671 s 
Speicherbedarf:     0.009537 MiB
Berechnungsmethode: Jacobi
Interlines:         2
Stoerfunktion:      f(x,y) = 0
Terminierung:       Anzahl der Iterationen
Anzahl Iterationen: 1024
Norm des Fehlers:   1.048697e-06

2.00000000 1.87500000 1.75000000 1.62500000 1.50000000 1.37500000 1.25000000 1.12500000 1.00000000 
1.87500000 1.74996425 1.62493394 1.49991369 1.37490658 1.24991369 1.12493394 0.99996425 0.87500000 
1.75000000 1.62493394 1.49987794 1.37484053 1.24982738 1.12484053 0.99987794 0.87493394 0.75000000 
1.62500000 1.49991369 1.37484053 1.24979163 1.12477447 0.99979163 0.87484053 0.74991369 0.62500000 
1.50000000 1.37490658 1.24982738 1.12477447 0.99975588 0.87477447 0.74982738 0.62490658 0.50000000 
1.37500000 1.24991369 1.12484053 0.99979163 0.87477447 0.74979163 0.62484053 0.49991369 0.37500000 
1.25000000 1.12493394 0.99987794 0.87484053 0.74982738 0.62484053 0.49987794 0.37493394 0.25000000 
1.12500000 0.99996425 0.87493394 0.74991369 0.62490658 0.49991369 0.37493394 0.24996425 0.12500000 
1.00000000 0.87500000 0.75000000 0.62500000 0.50000000 0.37500000 0.25000000 0.12500000 0.00000000 

2.00000000 1.95833333 1.91666667 1.87500000 1.83333333 1.79166667 1.75000000 1.70833333 1.66666667 1.62500000 1.58333333 1.54166667 1.50000000 1.45833333 1.41666667 1.37500000 1.33333333 1.29166667 1.25000000 1.20833333 1.16666667 1.12500000 1.08333333 1.04166667 1.00000000 
1.95833333 1.91666251 1.87499175 1.83332114 1.79165074 1.74998060 1.70831080 1.66664139 1.62497241 1.58330390 1.54163589 1.49996841 1.45830147 1.41663508 1.37496922 1.33330390 1.29163907 1.24997472 1.20831080 1.16664727 1.12498407 1.08332114 1.04165842 0.99999584 0.95833333 
1.91666667 1.87499175 1.83331698 1.79164249 1.74996841 1.70829487 1.66662199 1.62494988 1.58327862 1.54160830 1.49993897 1.45827069 1.41660348 1.37493736 1.33327230 1.29160830 1.24994528 1.20828321 1.16662199 1.12496154 1.08330174 1.04164249 0.99998365 0.95832509 0.91666667 
1.87500000 1.83332114 1.79164249 1.74996425 1.70828663 1.66660980 1.62493394 1.58325922 1.54158577 1.49991369 1.45824310 1.41657405 1.37490658 1.33324071 1.29157643 1.24991369 1.20825243 1.16659255 1.12493394 1.08327646 1.04161996 0.99996425 0.95830916 0.91665447 0.87500000 
1.83333333 1.79165074 1.74996841 1.70828663 1.66660564 1.62492570 1.58324702 1.54156983 1.49989429 1.45822057 1.41654877 1.37487899 1.33321127 1.29154566 1.24988210 1.20822057 1.16656096 1.12490317 1.08324702 1.04159236 0.99993897 0.95828663 0.91663508 0.87498407 0.83333333 
1.79166667 1.74998027 1.70829421 1.66660881 1.62492441 1.58324130 1.54155977 1.49988006 1.45820241 1.41652699 1.37485397 1.33318344 1.29151549 1.24985011 1.20818731 1.16652699 1.12486907 1.08321339 1.04155977 0.99990796 0.95825774 0.91660881 0.87496087 0.83331360 0.79166667 

1.83333333 1.79165046 1.74996786 1.70828582 1.66660458 1.62492441 1.58324553 1.54156816 1.49989246 1.45821862 1.41654672 1.37487689 1.33320916 1.29154356 1.24988006 1.20821862 1.16655913 1.12490149 1.08324553 1.04159108 0.99993791 0.95828582 0.91663453 0.87498379 0.83333333 
1.79166667 1.74998060 1.70829487 1.66660980 1.62492570 1.58324287 1.54156159 1.49988210 1.45820464 1.41652937 1.37485646 1.33318600 1.29151806 1.24985266 1.20818979 1.16652937 1.12487131 1.08321543 1.04156159 0.99990953 0.95825903 0.91660980 0.87496154 0.83331394 0.79166667 
1.75000000 1.70831080 1.66662199 1.62493394 1.58324702 1.54156159 1.49987794 1.45819639 1.41651718 1.37484053 1.33316660 1.29149553 1.24982738 1.20816220 1.16649993 1.12484053 1.08318384 1.04152973 0.99987794 0.95822825 0.91658036 0.87493394 0.83328866 0.79164414 0.75000000 
1.70833333 1.66664139 1.62494988 1.58325922 1.54156983 1.49988210 1.45819639 1.41651302 1.37483228 1.33315440 1.29147960 1.24980799 1.20813967 1.16647465 1.12481293 1.08315440 1.04149895 0.99984635 0.95819639 0.91654877 0.87490317 0.83325922 0.79161654 0.74997472 0.70833333 
1.66666667 1.62497241 1.58327862 1.54158577 1.49989429 1.45820464 1.41651718 1.37483228 1.33315025 1.29147135 1.24979579 1.20812374 1.16645525 1.12479040 1.08312913 1.04147135 0.99981691 0.95816562 0.91651718 0.87487131 0.83322763 0.79158577 0.74994528 0.70830574 0.66666667 
1.62500000 1.58330390 1.54160830 1.49991369 1.45822057 1.41652937 1.37484053 1.33315440 1.29147135 1.24979163 1.20811549 1.16644306 1.12477447 1.08310973 1.04144882 0.99979163 0.95813802 0.91648774 0.87484053 0.83319604 0.79155390 0.74991369 0.70827496 0.66663723 0.62500000 
1.58333333 1.54163536 1.49993791 1.45824154 1.41654672 1.37485397 1.33316371 1.29147636 1.24979225 1.20811172 1.16643495 1.12476217 1.08309345 1.04142884 0.99976829 0.95811172 0.91645892 0.87480969 0.83316371 0.79152064 0.74988006 0.70824154 0.66660458 0.62496869 0.58333333 

1.62500000 1.58330338 1.54160728 1.49991220 1.45821862 1.41652699 1.37483776 1.33315130 1.29146797 1.24978802 1.20811172 1.16643919 1.12477056 1.08310585 1.04144505 0.99978802 0.95813464 0.91648464 0.87483776 0.83319366 0.79155195 0.74991220 0.70827395 0.66663672 0.62500000 
