Starting Gauss-Seidel

Berechnungszeit:    0.015894 s 
Speicherbedarf:     0.004768 MiB
Berechnungsmethode: Gauß-Seidel
Interlines:         2
Stoerfunktion:      f(x,y) = 2pi^2*sin(pi*x)sin(pi*y)
Terminierung:       Anzahl der Iterationen
Anzahl Iterationen: 1024
Norm des Fehlers:   3.980769e-10

Matrix:
0.000000000.000000000.000000000.000000000.000000000.000000000.000000000.000000000.00000000
0.000000000.146655900.270984760.354058650.383230320.354058650.270984760.146655900.00000000
0.000000000.270984760.500714550.654215080.708117300.654215080.500714550.270984760.00000000
0.000000000.354058650.654215080.854773200.925199840.854773200.654215080.354058650.00000000
0.000000000.383230320.708117300.925199841.001429100.925199840.708117310.383230320.00000000
0.000000000.354058650.654215080.854773200.925199840.854773200.654215090.354058650.00000000
0.000000000.270984760.500714550.654215080.708117310.654215090.500714550.270984760.00000000
0.000000000.146655900.270984760.354058650.383230320.354058650.270984760.146655900.00000000
0.000000000.000000000.000000000.000000000.000000000.000000000.000000000.000000000.00000000


Berechnungszeit:    0.018504 s 
Speicherbedarf:     0.004768 MiB
Berechnungsmethode: Gauß-Seidel
Interlines:         2
Stoerfunktion:      f(x,y) = 2pi^2*sin(pi*x)sin(pi*y)
Terminierung:       Anzahl der Iterationen
Anzahl Iterationen: 1024
Norm des Fehlers:   3.980769e-10

Matrix:
0.000000000.000000000.000000000.000000000.000000000.000000000.000000000.000000000.00000000
0.000000000.146655900.270984760.354058650.383230320.354058650.270984760.146655900.00000000
0.000000000.270984760.500714550.654215080.708117300.654215080.500714550.270984760.00000000
0.000000000.354058650.654215080.854773200.925199840.854773200.654215080.354058650.00000000
0.000000000.383230320.708117300.925199841.001429100.925199840.708117310.383230320.00000000
0.000000000.354058650.654215080.854773200.925199840.854773200.654215090.354058650.00000000
0.000000000.270984760.500714550.654215080.708117310.654215090.500714550.270984760.00000000
0.000000000.146655900.270984760.354058650.383230320.354058650.270984760.146655900.00000000
0.000000000.000000000.000000000.000000000.000000000.000000000.000000000.000000000.00000000


Berechnungszeit:    0.018450 s 
Speicherbedarf:     0.004768 MiB
Berechnungsmethode: Gauß-Seidel
Interlines:         2
Stoerfunktion:      f(x,y) = 2pi^2*sin(pi*x)sin(pi*y)
Terminierung:       Anzahl der Iterationen
Anzahl Iterationen: 1024
Norm des Fehlers:   3.980769e-10

Matrix:
0.000000000.000000000.000000000.000000000.000000000.000000000.000000000.000000000.00000000
0.000000000.146655900.270984760.354058650.383230320.354058650.270984760.146655900.00000000
0.000000000.270984760.500714550.654215080.708117300.654215080.500714550.270984760.00000000
0.000000000.354058650.654215080.854773200.925199840.854773200.654215080.354058650.00000000
0.000000000.383230320.708117300.925199841.001429100.925199840.708117310.383230320.00000000
0.000000000.354058650.654215080.854773200.925199840.854773200.654215090.354058650.00000000
0.000000000.270984760.500714550.654215080.708117310.654215090.500714550.270984760.00000000
0.000000000.146655900.270984760.354058650.383230320.354058650.270984760.146655900.00000000
0.000000000.000000000.000000000.000000000.000000000.000000000.000000000.000000000.00000000


Berechnungszeit:    0.018150 s 
Speicherbedarf:     0.004768 MiB
Berechnungsmethode: Gauß-Seidel
Interlines:         2
Stoerfunktion:      f(x,y) = 2pi^2*sin(pi*x)sin(pi*y)
Terminierung:       Anzahl der Iterationen
Anzahl Iterationen: 1024
Norm des Fehlers:   3.980769e-10

Matrix:
0.000000000.000000000.000000000.000000000.000000000.000000000.000000000.000000000.00000000
0.000000000.146655900.270984760.354058650.383230320.354058650.270984760.146655900.00000000
0.000000000.270984760.500714550.654215080.708117300.654215080.500714550.270984760.00000000
0.000000000.354058650.654215080.854773200.925199840.854773200.654215080.354058650.00000000
0.000000000.383230320.708117300.925199841.001429100.925199840.708117310.383230320.00000000
0.000000000.354058650.654215080.854773200.925199840.854773200.654215090.354058650.00000000
0.000000000.270984760.500714550.654215080.708117310.654215090.500714550.270984760.00000000
0.000000000.146655900.270984760.354058650.383230320.354058650.270984760.146655900.00000000
0.000000000.000000000.000000000.000000000.000000000.000000000.000000000.000000000.00000000


Berechnungszeit:    0.018086 s 
Speicherbedarf:     0.004768 MiB
Berechnungsmethode: Gauß-Seidel
Interlines:         2
Stoerfunktion:      f(x,y) = 2pi^2*sin(pi*x)sin(pi*y)
Terminierung:       Anzahl der Iterationen
Anzahl Iterationen: 1024
Norm des Fehlers:   3.980769e-10

Matrix:
0.000000000.000000000.000000000.000000000.000000000.000000000.000000000.000000000.00000000
0.000000000.146655900.270984760.354058650.383230320.354058650.270984760.146655900.00000000
0.000000000.270984760.500714550.654215080.708117300.654215080.500714550.270984760.00000000
0.000000000.354058650.654215080.854773200.925199840.854773200.654215080.354058650.00000000
0.000000000.383230320.708117300.925199841.001429100.925199840.708117310.383230320.00000000
0.000000000.354058650.654215080.854773200.925199840.854773200.654215090.354058650.00000000
0.000000000.270984760.500714550.654215080.708117310.654215090.500714550.270984760.00000000
0.000000000.146655900.270984760.354058650.383230320.354058650.270984760.146655900.00000000
0.000000000.000000000.000000000.000000000.000000000.000000000.000000000.000000000.00000000


Berechnungszeit:    0.026831 s 
Speicherbedarf:     0.004768 MiB
Berechnungsmethode: Gauß-Seidel
Interlines:         2
Stoerfunktion:      f(x,y) = 2pi^2*sin(pi*x)sin(pi*y)
Terminierung:       Anzahl der Iterationen
Anzahl Iterationen: 1024
Norm des Fehlers:   3.980769e-10

Matrix:
0.000000000.000000000.000000000.000000000.000000000.000000000.000000000.000000000.00000000
0.000000000.146655900.270984760.354058650.383230320.354058650.270984760.146655900.00000000
0.000000000.270984760.500714550.654215080.708117300.654215080.500714550.270984760.00000000
0.000000000.354058650.654215080.854773200.925199840.854773200.654215080.354058650.00000000
0.000000000.383230320.708117300.925199841.001429100.925199840.708117310.383230320.00000000
0.000000000.354058650.654215080.854773200.925199840.854773200.654215090.354058650.00000000
0.000000000.270984760.500714550.654215080.708117310.654215090.500714550.270984760.00000000
0.000000000.146655900.270984760.354058650.383230320.354058650.270984760.146655900.00000000
0.000000000.000000000.000000000.000000000.000000000.000000000.000000000.000000000.00000000


Berechnungszeit:    0.016503 s 
Speicherbedarf:     0.004768 MiB
Berechnungsmethode: Gauß-Seidel
Interlines:         2
Stoerfunktion:      f(x,y) = 2pi^2*sin(pi*x)sin(pi*y)
Terminierung:       Anzahl der Iterationen
Anzahl Iterationen: 1024
Norm des Fehlers:   3.980769e-10

Matrix:
0.000000000.000000000.000000000.000000000.000000000.000000000.000000000.000000000.00000000
0.000000000.146655900.270984760.354058650.383230320.354058650.270984760.146655900.00000000
0.000000000.270984760.500714550.654215080.708117300.654215080.500714550.270984760.00000000
0.000000000.354058650.654215080.854773200.925199840.854773200.654215080.354058650.00000000
0.000000000.383230320.708117300.925199841.001429100.925199840.708117310.383230320.00000000
0.000000000.354058650.654215080.854773200.925199840.854773200.654215090.354058650.00000000
0.000000000.270984760.500714550.654215080.708117310.654215090.500714550.270984760.00000000
0.000000000.146655900.270984760.354058650.383230320.354058650.270984760.146655900.00000000
0.000000000.000000000.000000000.000000000.000000000.000000000.000000000.000000000.00000000


Berechnungszeit:    0.015889 s 
Speicherbedarf:     0.004768 MiB
Berechnungsmethode: Gauß-Seidel
Interlines:         2
Stoerfunktion:      f(x,y) = 2pi^2*sin(pi*x)sin(pi*y)
Terminierung:       Anzahl der Iterationen
Anzahl Iterationen: 1024
Norm des Fehlers:   3.980769e-10

Matrix:
0.000000000.000000000.000000000.000000000.000000000.000000000.000000000.000000000.00000000
0.000000000.146655900.270984760.354058650.383230320.354058650.270984760.146655900.00000000
0.000000000.270984760.500714550.654215080.708117300.654215080.500714550.270984760.00000000
0.000000000.354058650.654215080.854773200.925199840.854773200.654215080.354058650.00000000
0.000000000.383230320.708117300.925199841.001429100.925199840.708117310.383230320.00000000
0.000000000.354058650.654215080.854773200.925199840.854773200.654215090.354058650.00000000
0.000000000.270984760.500714550.654215080.708117310.654215090.500714550.270984760.00000000
0.000000000.146655900.270984760.354058650.383230320.354058650.270984760.146655900.00000000
0.000000000.000000000.000000000.000000000.000000000.000000000.000000000.000000000.00000000


Berechnungszeit:    0.026381 s 
Speicherbedarf:     0.004768 MiB
Berechnungsmethode: Gauß-Seidel
Interlines:         2
Stoerfunktion:      f(x,y) = 2pi^2*sin(pi*x)sin(pi*y)
Terminierung:       Anzahl der Iterationen
Anzahl Iterationen: 1024
Norm des Fehlers:   3.980769e-10

Matrix:
0.000000000.000000000.000000000.000000000.000000000.000000000.000000000.000000000.00000000
0.000000000.146655900.270984760.354058650.383230320.354058650.270984760.146655900.00000000
0.000000000.270984760.500714550.654215080.708117300.654215080.500714550.270984760.00000000
0.000000000.354058650.654215080.854773200.925199840.854773200.654215080.354058650.00000000
0.000000000.383230320.708117300.925199841.001429100.925199840.708117310.383230320.00000000
0.000000000.354058650.654215080.854773200.925199840.854773200.654215090.354058650.00000000
0.000000000.270984760.500714550.654215080.708117310.654215090.500714550.270984760.00000000
0.000000000.146655900.270984760.354058650.383230320.354058650.270984760.146655900.00000000
0.000000000.000000000.000000000.000000000.000000000.000000000.000000000.000000000.00000000


Berechnungszeit:    0.025740 s 
Speicherbedarf:     0.004768 MiB
Berechnungsmethode: Gauß-Seidel
Interlines:         2
Stoerfunktion:      f(x,y) = 2pi^2*sin(pi*x)sin(pi*y)
Terminierung:       Anzahl der Iterationen
Anzahl Iterationen: 1024
Norm des Fehlers:   3.980769e-10

Matrix:
0.000000000.000000000.000000000.000000000.000000000.000000000.000000000.000000000.00000000
0.000000000.146655900.270984760.354058650.383230320.354058650.270984760.146655900.00000000
0.000000000.270984760.500714550.654215080.708117300.654215080.500714550.270984760.00000000
0.000000000.354058650.654215080.854773200.925199840.854773200.654215080.354058650.00000000
0.000000000.383230320.708117300.925199841.001429100.925199840.708117310.383230320.00000000
0.000000000.354058650.654215080.854773200.925199840.854773200.654215090.354058650.00000000
0.000000000.270984760.500714550.654215080.708117310.654215090.500714550.270984760.00000000
0.000000000.146655900.270984760.354058650.383230320.354058650.270984760.146655900.00000000
0.000000000.000000000.000000000.000000000.000000000.000000000.000000000.000000000.00000000


Starting Jacobi



1 Processes

Berechnungszeit:    0.015073 s 
Speicherbedarf:     0.009537 MiB
Berechnungsmethode: Jacobi
Interlines:         2
Stoerfunktion:      f(x,y) = 2pi^2*sin(pi*x)sin(pi*y)
Terminierung:       Anzahl der Iterationen
Anzahl Iterationen: 1024
Norm des Fehlers:   1.304940e-06

Matrix:
0.000000000.000000000.000000000.000000000.000000000.000000000.000000000.000000000.00000000
0.000000000.146633750.270943840.354005190.383172460.354005190.270943840.146633750.00000000
0.000000000.270943840.500638950.654116300.708010390.654116300.500638950.270943840.00000000
0.000000000.354005190.654116300.854644140.925060150.854644140.654116300.354005190.00000000
0.000000000.383172460.708010390.925060151.001277890.925060150.708010390.383172460.00000000
0.000000000.354005190.654116300.854644140.925060150.854644140.654116300.354005190.00000000
0.000000000.270943840.500638950.654116300.708010390.654116300.500638950.270943840.00000000
0.000000000.146633750.270943840.354005190.383172460.354005190.270943840.146633750.00000000
0.000000000.000000000.000000000.000000000.000000000.000000000.000000000.000000000.00000000


2 Processes

Lines = 13, Startline = 0, Endline = 12
Rank 0 allocates 14 lines, with 1 bufferlines
Lines = 12, Startline = 13, Endline = 24
Rank 1 allocates 13 lines, with 1 bufferlines
Rank 0 calculates 12 lines, from local index 1 to local index 12
Rank 1 calculates 11 lines, from local index 1 to local index 11
Berechnungszeit:    0.016707 s 
Speicherbedarf:     0.009537 MiB
Berechnungsmethode: Jacobi
Interlines:         2
Stoerfunktion:      f(x,y) = 2pi^2*sin(pi*x)sin(pi*y)
Terminierung:       Anzahl der Iterationen
Anzahl Iterationen: 1024
Norm des Fehlers:   1.304940e-06

0.00000000 0.00000000 0.00000000 0.00000000 0.00000000 0.00000000 0.00000000 0.00000000 0.00000000 
0.00000000 0.14663375 0.27094384 0.35400519 0.38317246 0.35400519 0.27094384 0.14663375 0.00000000 
0.00000000 0.27094384 0.50063895 0.65411630 0.70801039 0.65411630 0.50063895 0.27094384 0.00000000 
0.00000000 0.35400519 0.65411630 0.85464414 0.92506015 0.85464414 0.65411630 0.35400519 0.00000000 
0.00000000 0.38317246 0.70801039 0.92506015 1.00127789 0.92506015 0.70801039 0.38317246 0.00000000 
0.00000000 0.35400519 0.65411630 0.85464414 0.92506015 0.85464414 0.65411630 0.35400519 0.00000000 
0.00000000 0.27094384 0.50063895 0.65411630 0.70801039 0.65411630 0.50063895 0.27094384 0.00000000 
0.00000000 0.14663375 0.27094384 0.35400519 0.38317246 0.35400519 0.27094384 0.14663375 0.00000000 
0.00000000 0.00000000 0.00000000 0.00000000 0.00000000 0.00000000 0.00000000 0.00000000 0.00000000 

0.00000000 0.00000000 0.00000000 0.00000000 0.00000000 0.00000000 0.00000000 0.00000000 0.00000000 0.00000000 0.00000000 0.00000000 0.00000000 0.00000000 0.00000000 0.00000000 0.00000000 0.00000000 0.00000000 0.00000000 0.00000000 0.00000000 0.00000000 0.00000000 0.00000000 
0.00000000 0.01705886 0.03382583 0.05001404 0.06534650 0.07956085 0.09241390 0.10368572 0.11318345 0.12074458 0.12623973 0.12957489 0.13069299 0.12957489 0.12623973 0.12074458 0.11318345 0.10368572 0.09241390 0.07956085 0.06534650 0.05001404 0.03382583 0.01705886 0.00000000 
0.00000000 0.03382583 0.06707290 0.09917233 0.12957489 0.15776039 0.18324657 0.20559735 0.22443030 0.23942318 0.25031947 0.25693273 0.25914979 0.25693273 0.25031947 0.23942318 0.22443030 0.20559735 0.18324657 0.15776039 0.12957489 0.09917233 0.06707290 0.03382583 0.00000000 
0.00000000 0.05001404 0.09917233 0.14663375 0.19158623 0.23326061 0.27094384 0.30399115 0.33183708 0.35400519 0.37011617 0.37989437 0.38317246 0.37989437 0.37011617 0.35400519 0.33183708 0.30399115 0.27094384 0.23326061 0.19158623 0.14663375 0.09917233 0.05001404 0.00000000 
0.00000000 0.06534650 0.12957489 0.19158623 0.25031947 0.30476968 0.35400519 0.39718358 0.43356604 0.46253007 0.48358009 0.49635591 0.50063895 0.49635591 0.48358009 0.46253007 0.43356604 0.39718358 0.35400519 0.30476968 0.25031947 0.19158623 0.12957489 0.06534650 0.00000000 
0.00000000 0.07956085 0.15776039 0.23326061 0.30476968 0.37106405 0.43100941 0.48358009 0.52787657 0.56314094 0.58876981 0.60432467 0.60953936 0.60432467 0.58876981 0.56314094 0.52787657 0.48358009 0.43100941 0.37106405 0.30476968 0.23326061 0.15776039 0.07956085 0.00000000 
0.00000000 0.09241390 0.18324657 0.27094384 0.35400519 0.43100941 0.50063895 0.56170240 0.61315498 0.65411630 0.68388552 0.70195326 0.70801039 0.70195326 0.68388552 0.65411630 0.61315498 0.56170240 0.50063895 0.43100941 0.35400519 0.27094384 0.18324657 0.09241390 0.00000000 
0.00000000 0.10368572 0.20559735 0.30399115 0.39718358 0.48358009 0.56170240 0.63021384 0.68794214 0.73389956 0.76729975 0.78757124 0.79436716 0.78757124 0.76729975 0.73389956 0.68794214 0.63021384 0.56170240 0.48358009 0.39718358 0.30399115 0.20559735 0.10368572 0.00000000 
0.00000000 0.11318345 0.22443030 0.33183708 0.43356604 0.52787657 0.61315498 0.68794214 0.75095842 0.80112559 0.83758528 0.85971365 0.86713209 0.85971365 0.83758528 0.80112559 0.75095842 0.68794214 0.61315498 0.52787657 0.43356604 0.33183708 0.22443030 0.11318345 0.00000000 
0.00000000 0.12074458 0.23942318 0.35400519 0.46253007 0.56314094 0.65411630 0.73389956 0.80112559 0.85464414 0.89353949 0.91714613 0.92506015 0.91714613 0.89353949 0.85464414 0.80112559 0.73389956 0.65411630 0.56314094 0.46253007 0.35400519 0.23942318 0.12074458 0.00000000 
0.00000000 0.12623973 0.25031947 0.37011617 0.48358009 0.58876981 0.68388552 0.76729975 0.83758528 0.89353949 0.93420499 0.95888598 0.96716017 0.95888598 0.93420499 0.89353949 0.83758528 0.76729975 0.68388552 0.58876981 0.48358009 0.37011617 0.25031947 0.12623973 0.00000000 
0.00000000 0.12957489 0.25693273 0.37989437 0.49635591 0.60432467 0.70195326 0.78757124 0.85971365 0.91714613 0.95888598 0.98421903 0.99271182 0.98421903 0.95888598 0.91714613 0.85971365 0.78757124 0.70195326 0.60432467 0.49635591 0.37989437 0.25693273 0.12957489 0.00000000 
0.00000000 0.13069299 0.25914979 0.38317246 0.50063895 0.60953936 0.70801039 0.79436716 0.86713209 0.92506015 0.96716017 0.99271182 1.00127789 0.99271182 0.96716017 0.92506015 0.86713209 0.79436716 0.70801039 0.60953936 0.50063895 0.38317246 0.25914979 0.13069299 0.00000000 
0.00000000 0.12957455 0.25693205 0.37989337 0.49635461 0.60432308 0.70195142 0.78756918 0.85971140 0.91714373 0.95888347 0.98421646 0.99270922 0.98421646 0.95888347 0.91714373 0.85971140 0.78756918 0.70195142 0.60432308 0.49635461 0.37989337 0.25693205 0.12957455 0.00000000 

0.00000000 0.13069265 0.25914911 0.38317146 0.50063763 0.60953776 0.70800853 0.79436508 0.86712982 0.92505773 0.96715764 0.99270922 1.00127527 0.99270922 0.96715764 0.92505773 0.86712982 0.79436508 0.70800853 0.60953776 0.50063763 0.38317146 0.25914911 0.13069265 0.00000000 
0.00000000 0.12957489 0.25693273 0.37989437 0.49635591 0.60432467 0.70195326 0.78757124 0.85971365 0.91714613 0.95888598 0.98421903 0.99271182 0.98421903 0.95888598 0.91714613 0.85971365 0.78757124 0.70195326 0.60432467 0.49635591 0.37989437 0.25693273 0.12957489 0.00000000 
0.00000000 0.12623973 0.25031947 0.37011617 0.48358009 0.58876981 0.68388552 0.76729975 0.83758528 0.89353949 0.93420499 0.95888598 0.96716017 0.95888598 0.93420499 0.89353949 0.83758528 0.76729975 0.68388552 0.58876981 0.48358009 0.37011617 0.25031947 0.12623973 0.00000000 
0.00000000 0.12074458 0.23942318 0.35400519 0.46253007 0.56314094 0.65411630 0.73389956 0.80112559 0.85464414 0.89353949 0.91714613 0.92506015 0.91714613 0.89353949 0.85464414 0.80112559 0.73389956 0.65411630 0.56314094 0.46253007 0.35400519 0.23942318 0.12074458 0.00000000 
0.00000000 0.11318345 0.22443030 0.33183708 0.43356604 0.52787657 0.61315498 0.68794214 0.75095842 0.80112559 0.83758528 0.85971365 0.86713209 0.85971365 0.83758528 0.80112559 0.75095842 0.68794214 0.61315498 0.52787657 0.43356604 0.33183708 0.22443030 0.11318345 0.00000000 
0.00000000 0.10368572 0.20559735 0.30399115 0.39718358 0.48358009 0.56170240 0.63021384 0.68794214 0.73389956 0.76729975 0.78757124 0.79436716 0.78757124 0.76729975 0.73389956 0.68794214 0.63021384 0.56170240 0.48358009 0.39718358 0.30399115 0.20559735 0.10368572 0.00000000 
0.00000000 0.09241390 0.18324657 0.27094384 0.35400519 0.43100941 0.50063895 0.56170240 0.61315498 0.65411630 0.68388552 0.70195326 0.70801039 0.70195326 0.68388552 0.65411630 0.61315498 0.56170240 0.50063895 0.43100941 0.35400519 0.27094384 0.18324657 0.09241390 0.00000000 
0.00000000 0.07956085 0.15776039 0.23326061 0.30476968 0.37106405 0.43100941 0.48358009 0.52787657 0.56314094 0.58876981 0.60432467 0.60953936 0.60432467 0.58876981 0.56314094 0.52787657 0.48358009 0.43100941 0.37106405 0.30476968 0.23326061 0.15776039 0.07956085 0.00000000 
0.00000000 0.06534650 0.12957489 0.19158623 0.25031947 0.30476968 0.35400519 0.39718358 0.43356604 0.46253007 0.48358009 0.49635591 0.50063895 0.49635591 0.48358009 0.46253007 0.43356604 0.39718358 0.35400519 0.30476968 0.25031947 0.19158623 0.12957489 0.06534650 0.00000000 
0.00000000 0.05001404 0.09917233 0.14663375 0.19158623 0.23326061 0.27094384 0.30399115 0.33183708 0.35400519 0.37011617 0.37989437 0.38317246 0.37989437 0.37011617 0.35400519 0.33183708 0.30399115 0.27094384 0.23326061 0.19158623 0.14663375 0.09917233 0.05001404 0.00000000 
0.00000000 0.03382583 0.06707290 0.09917233 0.12957489 0.15776039 0.18324657 0.20559735 0.22443030 0.23942318 0.25031947 0.25693273 0.25914979 0.25693273 0.25031947 0.23942318 0.22443030 0.20559735 0.18324657 0.15776039 0.12957489 0.09917233 0.06707290 0.03382583 0.00000000 
0.00000000 0.01705886 0.03382583 0.05001404 0.06534650 0.07956085 0.09241390 0.10368572 0.11318345 0.12074458 0.12623973 0.12957489 0.13069299 0.12957489 0.12623973 0.12074458 0.11318345 0.10368572 0.09241390 0.07956085 0.06534650 0.05001404 0.03382583 0.01705886 0.00000000 
0.00000000 0.00000000 0.00000000 0.00000000 0.00000000 0.00000000 0.00000000 0.00000000 0.00000000 0.00000000 0.00000000 0.00000000 0.00000000 0.00000000 0.00000000 0.00000000 0.00000000 0.00000000 0.00000000 0.00000000 0.00000000 0.00000000 0.00000000 0.00000000 0.00000000 



3 Processes

Lines = 9, Startline = 0, Endline = 8
Rank 0 allocates 10 lines, with 1 bufferlines
Lines = 8, Startline = 9, Endline = 16
Rank 1 allocates 10 lines, with 2 bufferlines
Lines = 8, Startline = 17, Endline = 24
Rank 2 allocates 9 lines, with 1 bufferlines
Rank 0 calculates 8 lines, from local index 1 to local index 8
Rank 1 calculates 8 lines, from local index 1 to local index 8
Rank 2 calculates 7 lines, from local index 1 to local index 7
Berechnungszeit:    0.015211 s 
Speicherbedarf:     0.009537 MiB
Berechnungsmethode: Jacobi
Interlines:         2
Stoerfunktion:      f(x,y) = 2pi^2*sin(pi*x)sin(pi*y)
Terminierung:       Anzahl der Iterationen
Anzahl Iterationen: 1024
Norm des Fehlers:   1.130111e-06

0.00000000 0.00000000 0.00000000 0.00000000 0.00000000 0.00000000 0.00000000 0.00000000 0.00000000 
0.00000000 0.14663375 0.27094384 0.35400519 0.38317246 0.35400519 0.27094384 0.14663375 0.00000000 
0.00000000 0.27094384 0.50063895 0.65411630 0.70801039 0.65411630 0.50063895 0.27094384 0.00000000 
0.00000000 0.35400519 0.65411630 0.85464414 0.92506015 0.85464414 0.65411630 0.35400519 0.00000000 
0.00000000 0.38317246 0.70801039 0.92506015 1.00127789 0.92506015 0.70801039 0.38317246 0.00000000 
0.00000000 0.35400519 0.65411630 0.85464414 0.92506015 0.85464414 0.65411630 0.35400519 0.00000000 
0.00000000 0.27094384 0.50063895 0.65411630 0.70801039 0.65411630 0.50063895 0.27094384 0.00000000 
0.00000000 0.14663375 0.27094384 0.35400519 0.38317246 0.35400519 0.27094384 0.14663375 0.00000000 
0.00000000 0.00000000 0.00000000 0.00000000 0.00000000 0.00000000 0.00000000 0.00000000 0.00000000 

0.00000000 0.00000000 0.00000000 0.00000000 0.00000000 0.00000000 0.00000000 0.00000000 0.00000000 0.00000000 0.00000000 0.00000000 0.00000000 0.00000000 0.00000000 0.00000000 0.00000000 0.00000000 0.00000000 0.00000000 0.00000000 0.00000000 0.00000000 0.00000000 0.00000000 
0.00000000 0.01705886 0.03382583 0.05001404 0.06534650 0.07956085 0.09241390 0.10368572 0.11318345 0.12074458 0.12623973 0.12957489 0.13069299 0.12957489 0.12623973 0.12074458 0.11318345 0.10368572 0.09241390 0.07956085 0.06534650 0.05001404 0.03382583 0.01705886 0.00000000 
0.00000000 0.03382583 0.06707290 0.09917233 0.12957489 0.15776039 0.18324657 0.20559735 0.22443030 0.23942318 0.25031947 0.25693273 0.25914979 0.25693273 0.25031947 0.23942318 0.22443030 0.20559735 0.18324657 0.15776039 0.12957489 0.09917233 0.06707290 0.03382583 0.00000000 
0.00000000 0.05001404 0.09917233 0.14663375 0.19158623 0.23326061 0.27094384 0.30399115 0.33183708 0.35400519 0.37011617 0.37989437 0.38317246 0.37989437 0.37011617 0.35400519 0.33183708 0.30399115 0.27094384 0.23326061 0.19158623 0.14663375 0.09917233 0.05001404 0.00000000 
0.00000000 0.06534650 0.12957489 0.19158623 0.25031947 0.30476968 0.35400519 0.39718358 0.43356604 0.46253007 0.48358009 0.49635591 0.50063895 0.49635591 0.48358009 0.46253007 0.43356604 0.39718358 0.35400519 0.30476968 0.25031947 0.19158623 0.12957489 0.06534650 0.00000000 
0.00000000 0.07956085 0.15776039 0.23326061 0.30476968 0.37106405 0.43100941 0.48358009 0.52787657 0.56314094 0.58876981 0.60432467 0.60953936 0.60432467 0.58876981 0.56314094 0.52787657 0.48358009 0.43100941 0.37106405 0.30476968 0.23326061 0.15776039 0.07956085 0.00000000 
0.00000000 0.09241390 0.18324657 0.27094384 0.35400519 0.43100941 0.50063895 0.56170240 0.61315498 0.65411630 0.68388552 0.70195326 0.70801039 0.70195326 0.68388552 0.65411630 0.61315498 0.56170240 0.50063895 0.43100941 0.35400519 0.27094384 0.18324657 0.09241390 0.00000000 
0.00000000 0.10368572 0.20559735 0.30399115 0.39718358 0.48358009 0.56170240 0.63021384 0.68794214 0.73389956 0.76729975 0.78757124 0.79436716 0.78757124 0.76729975 0.73389956 0.68794214 0.63021384 0.56170240 0.48358009 0.39718358 0.30399115 0.20559735 0.10368572 0.00000000 
0.00000000 0.11318345 0.22443030 0.33183708 0.43356604 0.52787657 0.61315498 0.68794214 0.75095842 0.80112559 0.83758528 0.85971365 0.86713209 0.85971365 0.83758528 0.80112559 0.75095842 0.68794214 0.61315498 0.52787657 0.43356604 0.33183708 0.22443030 0.11318345 0.00000000 
0.00000000 0.12074426 0.23942256 0.35400427 0.46252886 0.56313946 0.65411459 0.73389764 0.80112349 0.85464190 0.89353715 0.91714373 0.92505773 0.91714373 0.89353715 0.85464190 0.80112349 0.73389764 0.65411459 0.56313946 0.46252886 0.35400427 0.23942256 0.12074426 0.00000000 

0.00000000 0.11318315 0.22442971 0.33183622 0.43356491 0.52787519 0.61315338 0.68794034 0.75095645 0.80112349 0.83758309 0.85971140 0.86712982 0.85971140 0.83758309 0.80112349 0.75095645 0.68794034 0.61315338 0.52787519 0.43356491 0.33183622 0.22442971 0.11318315 0.00000000 
0.00000000 0.12074458 0.23942318 0.35400519 0.46253007 0.56314094 0.65411630 0.73389956 0.80112559 0.85464414 0.89353949 0.91714613 0.92506015 0.91714613 0.89353949 0.85464414 0.80112559 0.73389956 0.65411630 0.56314094 0.46253007 0.35400519 0.23942318 0.12074458 0.00000000 
0.00000000 0.12623973 0.25031947 0.37011617 0.48358009 0.58876981 0.68388552 0.76729975 0.83758528 0.89353949 0.93420499 0.95888598 0.96716017 0.95888598 0.93420499 0.89353949 0.83758528 0.76729975 0.68388552 0.58876981 0.48358009 0.37011617 0.25031947 0.12623973 0.00000000 
0.00000000 0.12957489 0.25693273 0.37989437 0.49635591 0.60432467 0.70195326 0.78757124 0.85971365 0.91714613 0.95888598 0.98421903 0.99271182 0.98421903 0.95888598 0.91714613 0.85971365 0.78757124 0.70195326 0.60432467 0.49635591 0.37989437 0.25693273 0.12957489 0.00000000 
0.00000000 0.13069299 0.25914979 0.38317246 0.50063895 0.60953936 0.70801039 0.79436716 0.86713209 0.92506015 0.96716017 0.99271182 1.00127789 0.99271182 0.96716017 0.92506015 0.86713209 0.79436716 0.70801039 0.60953936 0.50063895 0.38317246 0.25914979 0.13069299 0.00000000 
0.00000000 0.12957489 0.25693273 0.37989437 0.49635591 0.60432467 0.70195326 0.78757124 0.85971365 0.91714613 0.95888598 0.98421903 0.99271182 0.98421903 0.95888598 0.91714613 0.85971365 0.78757124 0.70195326 0.60432467 0.49635591 0.37989437 0.25693273 0.12957489 0.00000000 
0.00000000 0.12623973 0.25031947 0.37011617 0.48358009 0.58876981 0.68388552 0.76729975 0.83758528 0.89353949 0.93420499 0.95888598 0.96716017 0.95888598 0.93420499 0.89353949 0.83758528 0.76729975 0.68388552 0.58876981 0.48358009 0.37011617 0.25031947 0.12623973 0.00000000 
0.00000000 0.12074458 0.23942318 0.35400519 0.46253007 0.56314094 0.65411630 0.73389956 0.80112559 0.85464414 0.89353949 0.91714613 0.92506015 0.91714613 0.89353949 0.85464414 0.80112559 0.73389956 0.65411630 0.56314094 0.46253007 0.35400519 0.23942318 0.12074458 0.00000000 
0.00000000 0.11318345 0.22443030 0.33183708 0.43356604 0.52787657 0.61315498 0.68794214 0.75095842 0.80112559 0.83758528 0.85971365 0.86713209 0.85971365 0.83758528 0.80112559 0.75095842 0.68794214 0.61315498 0.52787657 0.43356604 0.33183708 0.22443030 0.11318345 0.00000000 
0.00000000 0.10368545 0.20559681 0.30399036 0.39718254 0.48357882 0.56170093 0.63021219 0.68794034 0.73389764 0.76729775 0.78756918 0.79436508 0.78756918 0.76729775 0.73389764 0.68794034 0.63021219 0.56170093 0.48357882 0.39718254 0.30399036 0.20559681 0.10368545 0.00000000 

0.00000000 0.11318315 0.22442971 0.33183622 0.43356491 0.52787519 0.61315338 0.68794034 0.75095645 0.80112349 0.83758309 0.85971140 0.86712982 0.85971140 0.83758309 0.80112349 0.75095645 0.68794034 0.61315338 0.52787519 0.43356491 0.33183622 0.22442971 0.11318315 0.00000000 
0.00000000 0.10368572 0.20559735 0.30399115 0.39718358 0.48358009 0.56170240 0.63021384 0.68794214 0.73389956 0.76729975 0.78757124 0.79436716 0.78757124 0.76729975 0.73389956 0.68794214 0.63021384 0.56170240 0.48358009 0.39718358 0.30399115 0.20559735 0.10368572 0.00000000 
0.00000000 0.09241390 0.18324657 0.27094384 0.35400519 0.43100941 0.50063895 0.56170240 0.61315498 0.65411630 0.68388552 0.70195326 0.70801039 0.70195326 0.68388552 0.65411630 0.61315498 0.56170240 0.50063895 0.43100941 0.35400519 0.27094384 0.18324657 0.09241390 0.00000000 
0.00000000 0.07956085 0.15776039 0.23326061 0.30476968 0.37106405 0.43100941 0.48358009 0.52787657 0.56314094 0.58876981 0.60432467 0.60953936 0.60432467 0.58876981 0.56314094 0.52787657 0.48358009 0.43100941 0.37106405 0.30476968 0.23326061 0.15776039 0.07956085 0.00000000 
0.00000000 0.06534650 0.12957489 0.19158623 0.25031947 0.30476968 0.35400519 0.39718358 0.43356604 0.46253007 0.48358009 0.49635591 0.50063895 0.49635591 0.48358009 0.46253007 0.43356604 0.39718358 0.35400519 0.30476968 0.25031947 0.19158623 0.12957489 0.06534650 0.00000000 
0.00000000 0.05001404 0.09917233 0.14663375 0.19158623 0.23326061 0.27094384 0.30399115 0.33183708 0.35400519 0.37011617 0.37989437 0.38317246 0.37989437 0.37011617 0.35400519 0.33183708 0.30399115 0.27094384 0.23326061 0.19158623 0.14663375 0.09917233 0.05001404 0.00000000 
0.00000000 0.03382583 0.06707290 0.09917233 0.12957489 0.15776039 0.18324657 0.20559735 0.22443030 0.23942318 0.25031947 0.25693273 0.25914979 0.25693273 0.25031947 0.23942318 0.22443030 0.20559735 0.18324657 0.15776039 0.12957489 0.09917233 0.06707290 0.03382583 0.00000000 
0.00000000 0.01705886 0.03382583 0.05001404 0.06534650 0.07956085 0.09241390 0.10368572 0.11318345 0.12074458 0.12623973 0.12957489 0.13069299 0.12957489 0.12623973 0.12074458 0.11318345 0.10368572 0.09241390 0.07956085 0.06534650 0.05001404 0.03382583 0.01705886 0.00000000 
0.00000000 0.00000000 0.00000000 0.00000000 0.00000000 0.00000000 0.00000000 0.00000000 0.00000000 0.00000000 0.00000000 0.00000000 0.00000000 0.00000000 0.00000000 0.00000000 0.00000000 0.00000000 0.00000000 0.00000000 0.00000000 0.00000000 0.00000000 0.00000000 0.00000000 



4 Processes

Lines = 7, Startline = 0, Endline = 6
Rank 0 allocates 8 lines, with 1 bufferlines
Lines = 6, Startline = 7, Endline = 12
Rank 1 allocates 8 lines, with 2 bufferlines
Lines = 6, Startline = 13, Endline = 18
Rank 2 allocates 8 lines, with 2 bufferlines
Lines = 6, Startline = 19, Endline = 24
Rank 3 allocates 7 lines, with 1 bufferlines
Rank 0 calculates 6 lines, from local index 1 to local index 6
Rank 2 calculates 6 lines, from local index 1 to local index 6
Rank 3 calculates 5 lines, from local index 1 to local index 5
Rank 1 calculates 6 lines, from local index 1 to local index 6
Berechnungszeit:    0.015138 s 
Speicherbedarf:     0.009537 MiB
Berechnungsmethode: Jacobi
Interlines:         2
Stoerfunktion:      f(x,y) = 2pi^2*sin(pi*x)sin(pi*y)
Terminierung:       Anzahl der Iterationen
Anzahl Iterationen: 1024
Norm des Fehlers:   9.227318e-07

0.00000000 0.00000000 0.00000000 0.00000000 0.00000000 0.00000000 0.00000000 0.00000000 0.00000000 
0.00000000 0.14663375 0.27094384 0.35400519 0.38317246 0.35400519 0.27094384 0.14663375 0.00000000 
0.00000000 0.27094384 0.50063895 0.65411630 0.70801039 0.65411630 0.50063895 0.27094384 0.00000000 
0.00000000 0.35400519 0.65411630 0.85464414 0.92506015 0.85464414 0.65411630 0.35400519 0.00000000 
0.00000000 0.38317246 0.70801039 0.92506015 1.00127789 0.92506015 0.70801039 0.38317246 0.00000000 
0.00000000 0.35400519 0.65411630 0.85464414 0.92506015 0.85464414 0.65411630 0.35400519 0.00000000 
0.00000000 0.27094384 0.50063895 0.65411630 0.70801039 0.65411630 0.50063895 0.27094384 0.00000000 
0.00000000 0.14663375 0.27094384 0.35400519 0.38317246 0.35400519 0.27094384 0.14663375 0.00000000 
0.00000000 0.00000000 0.00000000 0.00000000 0.00000000 0.00000000 0.00000000 0.00000000 0.00000000 

0.00000000 0.00000000 0.00000000 0.00000000 0.00000000 0.00000000 0.00000000 0.00000000 0.00000000 0.00000000 0.00000000 0.00000000 0.00000000 0.00000000 0.00000000 0.00000000 0.00000000 0.00000000 0.00000000 0.00000000 0.00000000 0.00000000 0.00000000 0.00000000 0.00000000 
0.00000000 0.01705886 0.03382583 0.05001404 0.06534650 0.07956085 0.09241390 0.10368572 0.11318345 0.12074458 0.12623973 0.12957489 0.13069299 0.12957489 0.12623973 0.12074458 0.11318345 0.10368572 0.09241390 0.07956085 0.06534650 0.05001404 0.03382583 0.01705886 0.00000000 
0.00000000 0.03382583 0.06707290 0.09917233 0.12957489 0.15776039 0.18324657 0.20559735 0.22443030 0.23942318 0.25031947 0.25693273 0.25914979 0.25693273 0.25031947 0.23942318 0.22443030 0.20559735 0.18324657 0.15776039 0.12957489 0.09917233 0.06707290 0.03382583 0.00000000 
0.00000000 0.05001404 0.09917233 0.14663375 0.19158623 0.23326061 0.27094384 0.30399115 0.33183708 0.35400519 0.37011617 0.37989437 0.38317246 0.37989437 0.37011617 0.35400519 0.33183708 0.30399115 0.27094384 0.23326061 0.19158623 0.14663375 0.09917233 0.05001404 0.00000000 
0.00000000 0.06534650 0.12957489 0.19158623 0.25031947 0.30476968 0.35400519 0.39718358 0.43356604 0.46253007 0.48358009 0.49635591 0.50063895 0.49635591 0.48358009 0.46253007 0.43356604 0.39718358 0.35400519 0.30476968 0.25031947 0.19158623 0.12957489 0.06534650 0.00000000 
0.00000000 0.07956085 0.15776039 0.23326061 0.30476968 0.37106405 0.43100941 0.48358009 0.52787657 0.56314094 0.58876981 0.60432467 0.60953936 0.60432467 0.58876981 0.56314094 0.52787657 0.48358009 0.43100941 0.37106405 0.30476968 0.23326061 0.15776039 0.07956085 0.00000000 
0.00000000 0.09241390 0.18324657 0.27094384 0.35400519 0.43100941 0.50063895 0.56170240 0.61315498 0.65411630 0.68388552 0.70195326 0.70801039 0.70195326 0.68388552 0.65411630 0.61315498 0.56170240 0.50063895 0.43100941 0.35400519 0.27094384 0.18324657 0.09241390 0.00000000 
0.00000000 0.10368545 0.20559681 0.30399036 0.39718254 0.48357882 0.56170093 0.63021219 0.68794034 0.73389764 0.76729775 0.78756918 0.79436508 0.78756918 0.76729775 0.73389764 0.68794034 0.63021219 0.56170093 0.48357882 0.39718254 0.30399036 0.20559681 0.10368545 0.00000000 

0.00000000 0.09241366 0.18324609 0.27094314 0.35400427 0.43100829 0.50063763 0.56170093 0.61315338 0.65411459 0.68388373 0.70195142 0.70800853 0.70195142 0.68388373 0.65411459 0.61315338 0.56170093 0.50063763 0.43100829 0.35400427 0.27094314 0.18324609 0.09241366 0.00000000 
0.00000000 0.10368572 0.20559735 0.30399115 0.39718358 0.48358009 0.56170240 0.63021384 0.68794214 0.73389956 0.76729975 0.78757124 0.79436716 0.78757124 0.76729975 0.73389956 0.68794214 0.63021384 0.56170240 0.48358009 0.39718358 0.30399115 0.20559735 0.10368572 0.00000000 
0.00000000 0.11318345 0.22443030 0.33183708 0.43356604 0.52787657 0.61315498 0.68794214 0.75095842 0.80112559 0.83758528 0.85971365 0.86713209 0.85971365 0.83758528 0.80112559 0.75095842 0.68794214 0.61315498 0.52787657 0.43356604 0.33183708 0.22443030 0.11318345 0.00000000 
0.00000000 0.12074458 0.23942318 0.35400519 0.46253007 0.56314094 0.65411630 0.73389956 0.80112559 0.85464414 0.89353949 0.91714613 0.92506015 0.91714613 0.89353949 0.85464414 0.80112559 0.73389956 0.65411630 0.56314094 0.46253007 0.35400519 0.23942318 0.12074458 0.00000000 
0.00000000 0.12623973 0.25031947 0.37011617 0.48358009 0.58876981 0.68388552 0.76729975 0.83758528 0.89353949 0.93420499 0.95888598 0.96716017 0.95888598 0.93420499 0.89353949 0.83758528 0.76729975 0.68388552 0.58876981 0.48358009 0.37011617 0.25031947 0.12623973 0.00000000 
0.00000000 0.12957489 0.25693273 0.37989437 0.49635591 0.60432467 0.70195326 0.78757124 0.85971365 0.91714613 0.95888598 0.98421903 0.99271182 0.98421903 0.95888598 0.91714613 0.85971365 0.78757124 0.70195326 0.60432467 0.49635591 0.37989437 0.25693273 0.12957489 0.00000000 
0.00000000 0.13069299 0.25914979 0.38317246 0.50063895 0.60953936 0.70801039 0.79436716 0.86713209 0.92506015 0.96716017 0.99271182 1.00127789 0.99271182 0.96716017 0.92506015 0.86713209 0.79436716 0.70801039 0.60953936 0.50063895 0.38317246 0.25914979 0.13069299 0.00000000 
0.00000000 0.12957455 0.25693205 0.37989337 0.49635461 0.60432308 0.70195142 0.78756918 0.85971140 0.91714373 0.95888347 0.98421646 0.99270922 0.98421646 0.95888347 0.91714373 0.85971140 0.78756918 0.70195142 0.60432308 0.49635461 0.37989337 0.25693205 0.12957455 0.00000000 

0.00000000 0.13069265 0.25914911 0.38317146 0.50063763 0.60953776 0.70800853 0.79436508 0.86712982 0.92505773 0.96715764 0.99270922 1.00127527 0.99270922 0.96715764 0.92505773 0.86712982 0.79436508 0.70800853 0.60953776 0.50063763 0.38317146 0.25914911 0.13069265 0.00000000 
0.00000000 0.12957489 0.25693273 0.37989437 0.49635591 0.60432467 0.70195326 0.78757124 0.85971365 0.91714613 0.95888598 0.98421903 0.99271182 0.98421903 0.95888598 0.91714613 0.85971365 0.78757124 0.70195326 0.60432467 0.49635591 0.37989437 0.25693273 0.12957489 0.00000000 
0.00000000 0.12623973 0.25031947 0.37011617 0.48358009 0.58876981 0.68388552 0.76729975 0.83758528 0.89353949 0.93420499 0.95888598 0.96716017 0.95888598 0.93420499 0.89353949 0.83758528 0.76729975 0.68388552 0.58876981 0.48358009 0.37011617 0.25031947 0.12623973 0.00000000 
0.00000000 0.12074458 0.23942318 0.35400519 0.46253007 0.56314094 0.65411630 0.73389956 0.80112559 0.85464414 0.89353949 0.91714613 0.92506015 0.91714613 0.89353949 0.85464414 0.80112559 0.73389956 0.65411630 0.56314094 0.46253007 0.35400519 0.23942318 0.12074458 0.00000000 
0.00000000 0.11318345 0.22443030 0.33183708 0.43356604 0.52787657 0.61315498 0.68794214 0.75095842 0.80112559 0.83758528 0.85971365 0.86713209 0.85971365 0.83758528 0.80112559 0.75095842 0.68794214 0.61315498 0.52787657 0.43356604 0.33183708 0.22443030 0.11318345 0.00000000 
0.00000000 0.10368572 0.20559735 0.30399115 0.39718358 0.48358009 0.56170240 0.63021384 0.68794214 0.73389956 0.76729975 0.78757124 0.79436716 0.78757124 0.76729975 0.73389956 0.68794214 0.63021384 0.56170240 0.48358009 0.39718358 0.30399115 0.20559735 0.10368572 0.00000000 
0.00000000 0.09241390 0.18324657 0.27094384 0.35400519 0.43100941 0.50063895 0.56170240 0.61315498 0.65411630 0.68388552 0.70195326 0.70801039 0.70195326 0.68388552 0.65411630 0.61315498 0.56170240 0.50063895 0.43100941 0.35400519 0.27094384 0.18324657 0.09241390 0.00000000 
0.00000000 0.07956064 0.15775998 0.23326000 0.30476888 0.37106308 0.43100829 0.48357882 0.52787519 0.56313946 0.58876827 0.60432308 0.60953776 0.60432308 0.58876827 0.56313946 0.52787519 0.48357882 0.43100829 0.37106308 0.30476888 0.23326000 0.15775998 0.07956064 0.00000000 

0.00000000 0.09241366 0.18324609 0.27094314 0.35400427 0.43100829 0.50063763 0.56170093 0.61315338 0.65411459 0.68388373 0.70195142 0.70800853 0.70195142 0.68388373 0.65411459 0.61315338 0.56170093 0.50063763 0.43100829 0.35400427 0.27094314 0.18324609 0.09241366 0.00000000 
0.00000000 0.07956085 0.15776039 0.23326061 0.30476968 0.37106405 0.43100941 0.48358009 0.52787657 0.56314094 0.58876981 0.60432467 0.60953936 0.60432467 0.58876981 0.56314094 0.52787657 0.48358009 0.43100941 0.37106405 0.30476968 0.23326061 0.15776039 0.07956085 0.00000000 
