Starting Gauss-Seidel

Berechnungszeit:    0.016278 s 
Speicherbedarf:     0.004768 MiB
Berechnungsmethode: Gauß-Seidel
Interlines:         2
Stoerfunktion:      f(x,y) = 2pi^2*sin(pi*x)sin(pi*y)
Terminierung:       Anzahl der Iterationen
Anzahl Iterationen: 1024
Norm des Fehlers:   3.980769e-10

Matrix:
0.000000000.000000000.000000000.000000000.000000000.000000000.000000000.000000000.00000000
0.000000000.146655900.270984760.354058650.383230320.354058650.270984760.146655900.00000000
0.000000000.270984760.500714550.654215080.708117300.654215080.500714550.270984760.00000000
0.000000000.354058650.654215080.854773200.925199840.854773200.654215080.354058650.00000000
0.000000000.383230320.708117300.925199841.001429100.925199840.708117310.383230320.00000000
0.000000000.354058650.654215080.854773200.925199840.854773200.654215090.354058650.00000000
0.000000000.270984760.500714550.654215080.708117310.654215090.500714550.270984760.00000000
0.000000000.146655900.270984760.354058650.383230320.354058650.270984760.146655900.00000000
0.000000000.000000000.000000000.000000000.000000000.000000000.000000000.000000000.00000000


Berechnungszeit:    0.018567 s 
Speicherbedarf:     0.004768 MiB
Berechnungsmethode: Gauß-Seidel
Interlines:         2
Stoerfunktion:      f(x,y) = 2pi^2*sin(pi*x)sin(pi*y)
Terminierung:       Anzahl der Iterationen
Anzahl Iterationen: 1024
Norm des Fehlers:   3.980769e-10

Matrix:
0.000000000.000000000.000000000.000000000.000000000.000000000.000000000.000000000.00000000
0.000000000.146655900.270984760.354058650.383230320.354058650.270984760.146655900.00000000
0.000000000.270984760.500714550.654215080.708117300.654215080.500714550.270984760.00000000
0.000000000.354058650.654215080.854773200.925199840.854773200.654215080.354058650.00000000
0.000000000.383230320.708117300.925199841.001429100.925199840.708117310.383230320.00000000
0.000000000.354058650.654215080.854773200.925199840.854773200.654215090.354058650.00000000
0.000000000.270984760.500714550.654215080.708117310.654215090.500714550.270984760.00000000
0.000000000.146655900.270984760.354058650.383230320.354058650.270984760.146655900.00000000
0.000000000.000000000.000000000.000000000.000000000.000000000.000000000.000000000.00000000


Berechnungszeit:    0.018212 s 
Speicherbedarf:     0.004768 MiB
Berechnungsmethode: Gauß-Seidel
Interlines:         2
Stoerfunktion:      f(x,y) = 2pi^2*sin(pi*x)sin(pi*y)
Terminierung:       Anzahl der Iterationen
Anzahl Iterationen: 1024
Norm des Fehlers:   3.980769e-10

Matrix:
0.000000000.000000000.000000000.000000000.000000000.000000000.000000000.000000000.00000000
0.000000000.146655900.270984760.354058650.383230320.354058650.270984760.146655900.00000000
0.000000000.270984760.500714550.654215080.708117300.654215080.500714550.270984760.00000000
0.000000000.354058650.654215080.854773200.925199840.854773200.654215080.354058650.00000000
0.000000000.383230320.708117300.925199841.001429100.925199840.708117310.383230320.00000000
0.000000000.354058650.654215080.854773200.925199840.854773200.654215090.354058650.00000000
0.000000000.270984760.500714550.654215080.708117310.654215090.500714550.270984760.00000000
0.000000000.146655900.270984760.354058650.383230320.354058650.270984760.146655900.00000000
0.000000000.000000000.000000000.000000000.000000000.000000000.000000000.000000000.00000000


Berechnungszeit:    0.018183 s 
Speicherbedarf:     0.004768 MiB
Berechnungsmethode: Gauß-Seidel
Interlines:         2
Stoerfunktion:      f(x,y) = 2pi^2*sin(pi*x)sin(pi*y)
Terminierung:       Anzahl der Iterationen
Anzahl Iterationen: 1024
Norm des Fehlers:   3.980769e-10

Matrix:
0.000000000.000000000.000000000.000000000.000000000.000000000.000000000.000000000.00000000
0.000000000.146655900.270984760.354058650.383230320.354058650.270984760.146655900.00000000
0.000000000.270984760.500714550.654215080.708117300.654215080.500714550.270984760.00000000
0.000000000.354058650.654215080.854773200.925199840.854773200.654215080.354058650.00000000
0.000000000.383230320.708117300.925199841.001429100.925199840.708117310.383230320.00000000
0.000000000.354058650.654215080.854773200.925199840.854773200.654215090.354058650.00000000
0.000000000.270984760.500714550.654215080.708117310.654215090.500714550.270984760.00000000
0.000000000.146655900.270984760.354058650.383230320.354058650.270984760.146655900.00000000
0.000000000.000000000.000000000.000000000.000000000.000000000.000000000.000000000.00000000


Berechnungszeit:    0.018425 s 
Speicherbedarf:     0.004768 MiB
Berechnungsmethode: Gauß-Seidel
Interlines:         2
Stoerfunktion:      f(x,y) = 2pi^2*sin(pi*x)sin(pi*y)
Terminierung:       Anzahl der Iterationen
Anzahl Iterationen: 1024
Norm des Fehlers:   3.980769e-10

Matrix:
0.000000000.000000000.000000000.000000000.000000000.000000000.000000000.000000000.00000000
0.000000000.146655900.270984760.354058650.383230320.354058650.270984760.146655900.00000000
0.000000000.270984760.500714550.654215080.708117300.654215080.500714550.270984760.00000000
0.000000000.354058650.654215080.854773200.925199840.854773200.654215080.354058650.00000000
0.000000000.383230320.708117300.925199841.001429100.925199840.708117310.383230320.00000000
0.000000000.354058650.654215080.854773200.925199840.854773200.654215090.354058650.00000000
0.000000000.270984760.500714550.654215080.708117310.654215090.500714550.270984760.00000000
0.000000000.146655900.270984760.354058650.383230320.354058650.270984760.146655900.00000000
0.000000000.000000000.000000000.000000000.000000000.000000000.000000000.000000000.00000000


Berechnungszeit:    0.017013 s 
Speicherbedarf:     0.004768 MiB
Berechnungsmethode: Gauß-Seidel
Interlines:         2
Stoerfunktion:      f(x,y) = 2pi^2*sin(pi*x)sin(pi*y)
Terminierung:       Anzahl der Iterationen
Anzahl Iterationen: 1024
Norm des Fehlers:   3.980769e-10

Matrix:
0.000000000.000000000.000000000.000000000.000000000.000000000.000000000.000000000.00000000
0.000000000.146655900.270984760.354058650.383230320.354058650.270984760.146655900.00000000
0.000000000.270984760.500714550.654215080.708117300.654215080.500714550.270984760.00000000
0.000000000.354058650.654215080.854773200.925199840.854773200.654215080.354058650.00000000
0.000000000.383230320.708117300.925199841.001429100.925199840.708117310.383230320.00000000
0.000000000.354058650.654215080.854773200.925199840.854773200.654215090.354058650.00000000
0.000000000.270984760.500714550.654215080.708117310.654215090.500714550.270984760.00000000
0.000000000.146655900.270984760.354058650.383230320.354058650.270984760.146655900.00000000
0.000000000.000000000.000000000.000000000.000000000.000000000.000000000.000000000.00000000


Berechnungszeit:    0.017559 s 
Speicherbedarf:     0.004768 MiB
Berechnungsmethode: Gauß-Seidel
Interlines:         2
Stoerfunktion:      f(x,y) = 2pi^2*sin(pi*x)sin(pi*y)
Terminierung:       Anzahl der Iterationen
Anzahl Iterationen: 1024
Norm des Fehlers:   3.980769e-10

Matrix:
0.000000000.000000000.000000000.000000000.000000000.000000000.000000000.000000000.00000000
0.000000000.146655900.270984760.354058650.383230320.354058650.270984760.146655900.00000000
0.000000000.270984760.500714550.654215080.708117300.654215080.500714550.270984760.00000000
0.000000000.354058650.654215080.854773200.925199840.854773200.654215080.354058650.00000000
0.000000000.383230320.708117300.925199841.001429100.925199840.708117310.383230320.00000000
0.000000000.354058650.654215080.854773200.925199840.854773200.654215090.354058650.00000000
0.000000000.270984760.500714550.654215080.708117310.654215090.500714550.270984760.00000000
0.000000000.146655900.270984760.354058650.383230320.354058650.270984760.146655900.00000000
0.000000000.000000000.000000000.000000000.000000000.000000000.000000000.000000000.00000000


Berechnungszeit:    0.018081 s 
Speicherbedarf:     0.004768 MiB
Berechnungsmethode: Gauß-Seidel
Interlines:         2
Stoerfunktion:      f(x,y) = 2pi^2*sin(pi*x)sin(pi*y)
Terminierung:       Anzahl der Iterationen
Anzahl Iterationen: 1024
Norm des Fehlers:   3.980769e-10

Matrix:
0.000000000.000000000.000000000.000000000.000000000.000000000.000000000.000000000.00000000
0.000000000.146655900.270984760.354058650.383230320.354058650.270984760.146655900.00000000
0.000000000.270984760.500714550.654215080.708117300.654215080.500714550.270984760.00000000
0.000000000.354058650.654215080.854773200.925199840.854773200.654215080.354058650.00000000
0.000000000.383230320.708117300.925199841.001429100.925199840.708117310.383230320.00000000
0.000000000.354058650.654215080.854773200.925199840.854773200.654215090.354058650.00000000
0.000000000.270984760.500714550.654215080.708117310.654215090.500714550.270984760.00000000
0.000000000.146655900.270984760.354058650.383230320.354058650.270984760.146655900.00000000
0.000000000.000000000.000000000.000000000.000000000.000000000.000000000.000000000.00000000


Berechnungszeit:    0.016638 s 
Speicherbedarf:     0.004768 MiB
Berechnungsmethode: Gauß-Seidel
Interlines:         2
Stoerfunktion:      f(x,y) = 2pi^2*sin(pi*x)sin(pi*y)
Terminierung:       Anzahl der Iterationen
Anzahl Iterationen: 1024
Norm des Fehlers:   3.980769e-10

Matrix:
0.000000000.000000000.000000000.000000000.000000000.000000000.000000000.000000000.00000000
0.000000000.146655900.270984760.354058650.383230320.354058650.270984760.146655900.00000000
0.000000000.270984760.500714550.654215080.708117300.654215080.500714550.270984760.00000000
0.000000000.354058650.654215080.854773200.925199840.854773200.654215080.354058650.00000000
0.000000000.383230320.708117300.925199841.001429100.925199840.708117310.383230320.00000000
0.000000000.354058650.654215080.854773200.925199840.854773200.654215090.354058650.00000000
0.000000000.270984760.500714550.654215080.708117310.654215090.500714550.270984760.00000000
0.000000000.146655900.270984760.354058650.383230320.354058650.270984760.146655900.00000000
0.000000000.000000000.000000000.000000000.000000000.000000000.000000000.000000000.00000000


Berechnungszeit:    0.017916 s 
Speicherbedarf:     0.004768 MiB
Berechnungsmethode: Gauß-Seidel
Interlines:         2
Stoerfunktion:      f(x,y) = 2pi^2*sin(pi*x)sin(pi*y)
Terminierung:       Anzahl der Iterationen
Anzahl Iterationen: 1024
Norm des Fehlers:   3.980769e-10

Matrix:
0.000000000.000000000.000000000.000000000.000000000.000000000.000000000.000000000.00000000
0.000000000.146655900.270984760.354058650.383230320.354058650.270984760.146655900.00000000
0.000000000.270984760.500714550.654215080.708117300.654215080.500714550.270984760.00000000
0.000000000.354058650.654215080.854773200.925199840.854773200.654215080.354058650.00000000
0.000000000.383230320.708117300.925199841.001429100.925199840.708117310.383230320.00000000
0.000000000.354058650.654215080.854773200.925199840.854773200.654215090.354058650.00000000
0.000000000.270984760.500714550.654215080.708117310.654215090.500714550.270984760.00000000
0.000000000.146655900.270984760.354058650.383230320.354058650.270984760.146655900.00000000
0.000000000.000000000.000000000.000000000.000000000.000000000.000000000.000000000.00000000


Starting Jacobi



1 Processes

Berechnungszeit:    0.015170 s 
Speicherbedarf:     0.009537 MiB
Berechnungsmethode: Jacobi
Interlines:         2
Stoerfunktion:      f(x,y) = 2pi^2*sin(pi*x)sin(pi*y)
Terminierung:       Anzahl der Iterationen
Anzahl Iterationen: 1024
Norm des Fehlers:   1.304940e-06

Matrix:
0.000000000.000000000.000000000.000000000.000000000.000000000.000000000.000000000.00000000
0.000000000.146633750.270943840.354005190.383172460.354005190.270943840.146633750.00000000
0.000000000.270943840.500638950.654116300.708010390.654116300.500638950.270943840.00000000
0.000000000.354005190.654116300.854644140.925060150.854644140.654116300.354005190.00000000
0.000000000.383172460.708010390.925060151.001277890.925060150.708010390.383172460.00000000
0.000000000.354005190.654116300.854644140.925060150.854644140.654116300.354005190.00000000
0.000000000.270943840.500638950.654116300.708010390.654116300.500638950.270943840.00000000
0.000000000.146633750.270943840.354005190.383172460.354005190.270943840.146633750.00000000
0.000000000.000000000.000000000.000000000.000000000.000000000.000000000.000000000.00000000


2 Processes

Lines = 13, Startline = 0, Endline = 12
Rank 0 allocates 14 lines, with 1 bufferlines
Rank 0 calculates 12 lines, from local index 1 to local index 12
Lines = 12, Startline = 13, Endline = 24
Rank 1 allocates 13 lines, with 1 bufferlines
Rank 1 calculates 11 lines, from local index 1 to local index 11
Berechnungszeit:    0.013364 s 
Speicherbedarf:     0.009537 MiB
Berechnungsmethode: Jacobi
Interlines:         2
Stoerfunktion:      f(x,y) = 2pi^2*sin(pi*x)sin(pi*y)
Terminierung:       Anzahl der Iterationen
Anzahl Iterationen: 1024
Norm des Fehlers:   1.304940e-06

0.00000000 0.00000000 0.00000000 0.00000000 0.00000000 0.00000000 0.00000000 0.00000000 0.00000000 
0.00000000 0.14663375 0.27094384 0.35400519 0.38317246 0.35400519 0.27094384 0.14663375 0.00000000 
0.00000000 0.27094384 0.50063895 0.65411630 0.70801039 0.65411630 0.50063895 0.27094384 0.00000000 
0.00000000 0.35400519 0.65411630 0.85464414 0.92506015 0.85464414 0.65411630 0.35400519 0.00000000 
0.00000000 0.38317246 0.70801039 0.92506015 1.00127789 0.92506015 0.70801039 0.38317246 0.00000000 
0.00000000 0.35400519 0.65411630 0.85464414 0.92506015 0.85464414 0.65411630 0.35400519 0.00000000 
0.00000000 0.27094384 0.50063895 0.65411630 0.70801039 0.65411630 0.50063895 0.27094384 0.00000000 
0.00000000 0.14663375 0.27094384 0.35400519 0.38317246 0.35400519 0.27094384 0.14663375 0.00000000 
0.00000000 0.00000000 0.00000000 0.00000000 0.00000000 0.00000000 0.00000000 0.00000000 0.00000000 


3 Processes

Lines = 9, Startline = 0, Endline = 8
Rank 0 allocates 10 lines, with 1 bufferlines
Rank 0 calculates 8 lines, from local index 1 to local index 8
Lines = 8, Startline = 9, Endline = 16
Rank 1 allocates 10 lines, with 2 bufferlines
Rank 1 calculates 8 lines, from local index 1 to local index 8
Lines = 8, Startline = 17, Endline = 24
Rank 2 allocates 9 lines, with 1 bufferlines
Rank 2 calculates 7 lines, from local index 1 to local index 7
Berechnungszeit:    0.012316 s 
Speicherbedarf:     0.009537 MiB
Berechnungsmethode: Jacobi
Interlines:         2
Stoerfunktion:      f(x,y) = 2pi^2*sin(pi*x)sin(pi*y)
Terminierung:       Anzahl der Iterationen
Anzahl Iterationen: 1024
Norm des Fehlers:   1.130111e-06

0.00000000 0.00000000 0.00000000 0.00000000 0.00000000 0.00000000 0.00000000 0.00000000 0.00000000 
0.00000000 0.14663375 0.27094384 0.35400519 0.38317246 0.35400519 0.27094384 0.14663375 0.00000000 
0.00000000 0.27094384 0.50063895 0.65411630 0.70801039 0.65411630 0.50063895 0.27094384 0.00000000 
0.00000000 0.35400519 0.65411630 0.85464414 0.92506015 0.85464414 0.65411630 0.35400519 0.00000000 
0.00000000 0.38317246 0.70801039 0.92506015 1.00127789 0.92506015 0.70801039 0.38317246 0.00000000 
0.00000000 0.35400519 0.65411630 0.85464414 0.92506015 0.85464414 0.65411630 0.35400519 0.00000000 
0.00000000 0.27094384 0.50063895 0.65411630 0.70801039 0.65411630 0.50063895 0.27094384 0.00000000 
0.00000000 0.14663375 0.27094384 0.35400519 0.38317246 0.35400519 0.27094384 0.14663375 0.00000000 
0.00000000 0.00000000 0.00000000 0.00000000 0.00000000 0.00000000 0.00000000 0.00000000 0.00000000 


4 Processes

Lines = 7, Startline = 0, Endline = 6
Rank 0 allocates 8 lines, with 1 bufferlines
Rank 0 calculates 6 lines, from local index 1 to local index 6
Lines = 6, Startline = 7, Endline = 12
Rank 1 allocates 8 lines, with 2 bufferlines
Rank 1 calculates 6 lines, from local index 1 to local index 6
Lines = 6, Startline = 13, Endline = 18
Rank 2 allocates 8 lines, with 2 bufferlines
Rank 2 calculates 6 lines, from local index 1 to local index 6
Lines = 6, Startline = 19, Endline = 24
Rank 3 allocates 7 lines, with 1 bufferlines
Rank 3 calculates 5 lines, from local index 1 to local index 5
Berechnungszeit:    0.012860 s 
Speicherbedarf:     0.009537 MiB
Berechnungsmethode: Jacobi
Interlines:         2
Stoerfunktion:      f(x,y) = 2pi^2*sin(pi*x)sin(pi*y)
Terminierung:       Anzahl der Iterationen
Anzahl Iterationen: 1024
Norm des Fehlers:   9.227318e-07

0.00000000 0.00000000 0.00000000 0.00000000 0.00000000 0.00000000 0.00000000 0.00000000 0.00000000 
0.00000000 0.14663375 0.27094384 0.35400519 0.38317246 0.35400519 0.27094384 0.14663375 0.00000000 
0.00000000 0.27094384 0.50063895 0.65411630 0.70801039 0.65411630 0.50063895 0.27094384 0.00000000 
0.00000000 0.35400519 0.65411630 0.85464414 0.92506015 0.85464414 0.65411630 0.35400519 0.00000000 
0.00000000 0.38317246 0.70801039 0.92506015 1.00127789 0.92506015 0.70801039 0.38317246 0.00000000 
0.00000000 0.35400519 0.65411630 0.85464414 0.92506015 0.85464414 0.65411630 0.35400519 0.00000000 
0.00000000 0.27094384 0.50063895 0.65411630 0.70801039 0.65411630 0.50063895 0.27094384 0.00000000 
0.00000000 0.14663375 0.27094384 0.35400519 0.38317246 0.35400519 0.27094384 0.14663375 0.00000000 
0.00000000 0.00000000 0.00000000 0.00000000 0.00000000 0.00000000 0.00000000 0.00000000 0.00000000 


5 Processes

Lines = 5, Startline = 0, Endline = 4
Rank 0 allocates 6 lines, with 1 bufferlines
Rank 0 calculates 4 lines, from local index 1 to local index 4
Lines = 5, Startline = 5, Endline = 9
Rank 1 allocates 7 lines, with 2 bufferlines
Rank 1 calculates 5 lines, from local index 1 to local index 5
Lines = 5, Startline = 10, Endline = 14
Rank 2 allocates 7 lines, with 2 bufferlines
Rank 2 calculates 5 lines, from local index 1 to local index 5
Lines = 5, Startline = 15, Endline = 19
Rank 3 allocates 7 lines, with 2 bufferlines
Rank 3 calculates 5 lines, from local index 1 to local index 5
Lines = 5, Startline = 20, Endline = 24
Rank 4 allocates 6 lines, with 1 bufferlines
Rank 4 calculates 4 lines, from local index 1 to local index 4
Berechnungszeit:    0.014227 s 
Speicherbedarf:     0.009537 MiB
Berechnungsmethode: Jacobi
Interlines:         2
Stoerfunktion:      f(x,y) = 2pi^2*sin(pi*x)sin(pi*y)
Terminierung:       Anzahl der Iterationen
Anzahl Iterationen: 1024
Norm des Fehlers:   6.524699e-07

0.00000000 0.00000000 0.00000000 0.00000000 0.00000000 0.00000000 0.00000000 0.00000000 0.00000000 
0.00000000 0.14663375 0.27094384 0.35400519 0.38317246 0.35400519 0.27094384 0.14663375 0.00000000 
0.00000000 0.27094384 0.50063895 0.65411630 0.70801039 0.65411630 0.50063895 0.27094384 0.00000000 
0.00000000 0.35400519 0.65411630 0.85464414 0.92506015 0.85464414 0.65411630 0.35400519 0.00000000 
0.00000000 0.38317246 0.70801039 0.92506015 1.00127789 0.92506015 0.70801039 0.38317246 0.00000000 
0.00000000 0.35400519 0.65411630 0.85464414 0.92506015 0.85464414 0.65411630 0.35400519 0.00000000 
0.00000000 0.27094384 0.50063895 0.65411630 0.70801039 0.65411630 0.50063895 0.27094384 0.00000000 
0.00000000 0.14663375 0.27094384 0.35400519 0.38317246 0.35400519 0.27094384 0.14663375 0.00000000 
0.00000000 0.00000000 0.00000000 0.00000000 0.00000000 0.00000000 0.00000000 0.00000000 0.00000000 


6 Processes

Lines = 5, Startline = 0, Endline = 4
Rank 0 allocates 6 lines, with 1 bufferlines
Rank 0 calculates 4 lines, from local index 1 to local index 4
Lines = 4, Startline = 5, Endline = 8
Rank 1 allocates 6 lines, with 2 bufferlines
Rank 1 calculates 4 lines, from local index 1 to local index 4
Lines = 4, Startline = 9, Endline = 12
Rank 2 allocates 6 lines, with 2 bufferlines
Rank 2 calculates 4 lines, from local index 1 to local index 4
Lines = 4, Startline = 13, Endline = 16
Rank 3 allocates 6 lines, with 2 bufferlines
Rank 3 calculates 4 lines, from local index 1 to local index 4
Lines = 4, Startline = 17, Endline = 20
Rank 4 allocates 6 lines, with 2 bufferlines
Rank 4 calculates 4 lines, from local index 1 to local index 4
Lines = 4, Startline = 21, Endline = 24
Rank 5 allocates 5 lines, with 1 bufferlines
Rank 5 calculates 3 lines, from local index 1 to local index 3
Berechnungszeit:    0.018750 s 
Speicherbedarf:     0.009537 MiB
Berechnungsmethode: Jacobi
Interlines:         2
Stoerfunktion:      f(x,y) = 2pi^2*sin(pi*x)sin(pi*y)
Terminierung:       Anzahl der Iterationen
Anzahl Iterationen: 1024
Norm des Fehlers:   6.524699e-07

0.00000000 0.00000000 0.00000000 0.00000000 0.00000000 0.00000000 0.00000000 0.00000000 0.00000000 
0.00000000 0.14663375 0.27094384 0.35400519 0.38317246 0.35400519 0.27094384 0.14663375 0.00000000 
0.00000000 0.27094384 0.50063895 0.65411630 0.70801039 0.65411630 0.50063895 0.27094384 0.00000000 
0.00000000 0.35400519 0.65411630 0.85464414 0.92506015 0.85464414 0.65411630 0.35400519 0.00000000 
0.00000000 0.38317246 0.70801039 0.92506015 1.00127789 0.92506015 0.70801039 0.38317246 0.00000000 
0.00000000 0.35400519 0.65411630 0.85464414 0.92506015 0.85464414 0.65411630 0.35400519 0.00000000 
0.00000000 0.27094384 0.50063895 0.65411630 0.70801039 0.65411630 0.50063895 0.27094384 0.00000000 
0.00000000 0.14663375 0.27094384 0.35400519 0.38317246 0.35400519 0.27094384 0.14663375 0.00000000 
0.00000000 0.00000000 0.00000000 0.00000000 0.00000000 0.00000000 0.00000000 0.00000000 0.00000000 


7 Processes

Lines = 4, Startline = 0, Endline = 3
Rank 0 allocates 5 lines, with 1 bufferlines
Rank 0 calculates 3 lines, from local index 1 to local index 3
Lines = 4, Startline = 4, Endline = 7
Rank 1 allocates 6 lines, with 2 bufferlines
Rank 1 calculates 4 lines, from local index 1 to local index 4
Lines = 4, Startline = 8, Endline = 11
Rank 2 allocates 6 lines, with 2 bufferlines
Rank 2 calculates 4 lines, from local index 1 to local index 4
Lines = 4, Startline = 12, Endline = 15
Rank 3 allocates 6 lines, with 2 bufferlines
Rank 3 calculates 4 lines, from local index 1 to local index 4
Lines = 3, Startline = 16, Endline = 18
Rank 4 allocates 5 lines, with 2 bufferlines
Rank 4 calculates 3 lines, from local index 1 to local index 3
Lines = 3, Startline = 19, Endline = 21
Rank 5 allocates 5 lines, with 2 bufferlines
Rank 5 calculates 3 lines, from local index 1 to local index 3
Lines = 3, Startline = 22, Endline = 24
Rank 6 allocates 4 lines, with 1 bufferlines
Rank 6 calculates 2 lines, from local index 1 to local index 2
Berechnungszeit:    0.017539 s 
Speicherbedarf:     0.009537 MiB
Berechnungsmethode: Jacobi
Interlines:         2
Stoerfunktion:      f(x,y) = 2pi^2*sin(pi*x)sin(pi*y)
Terminierung:       Anzahl der Iterationen
Anzahl Iterationen: 1024
Norm des Fehlers:   4.993788e-07

0.00000000 0.00000000 0.00000000 0.00000000 0.00000000 0.00000000 0.00000000 0.00000000 0.00000000 
0.00000000 0.14663375 0.27094384 0.35400519 0.38317246 0.35400519 0.27094384 0.14663375 0.00000000 
0.00000000 0.27094384 0.50063895 0.65411630 0.70801039 0.65411630 0.50063895 0.27094384 0.00000000 
0.00000000 0.35400519 0.65411630 0.85464414 0.92506015 0.85464414 0.65411630 0.35400519 0.00000000 
0.00000000 0.38317246 0.70801039 0.92506015 1.00127789 0.92506015 0.70801039 0.38317246 0.00000000 
0.00000000 0.35400519 0.65411630 0.85464414 0.92506015 0.85464414 0.65411630 0.35400519 0.00000000 
0.00000000 0.27094384 0.50063895 0.65411630 0.70801039 0.65411630 0.50063895 0.27094384 0.00000000 
0.00000000 0.14663375 0.27094384 0.35400519 0.38317246 0.35400519 0.27094384 0.14663375 0.00000000 
0.00000000 0.00000000 0.00000000 0.00000000 0.00000000 0.00000000 0.00000000 0.00000000 0.00000000 


8 Processes

Lines = 4, Startline = 0, Endline = 3
Rank 0 allocates 5 lines, with 1 bufferlines
Rank 0 calculates 3 lines, from local index 1 to local index 3
Lines = 3, Startline = 7, Endline = 9
Rank 2 allocates 5 lines, with 2 bufferlines
Rank 2 calculates 3 lines, from local index 1 to local index 3
Lines = 3, Startline = 10, Endline = 12
Rank 3 allocates 5 lines, with 2 bufferlines
Rank 3 calculates 3 lines, from local index 1 to local index 3
Lines = 3, Startline = 13, Endline = 15
Rank 4 allocates 5 lines, with 2 bufferlines
Rank 4 calculates 3 lines, from local index 1 to local index 3
Lines = 3, Startline = 19, Endline = 21
Rank 6 allocates 5 lines, with 2 bufferlines
Rank 6 calculates 3 lines, from local index 1 to local index 3
Lines = 3, Startline = 22, Endline = 24
Rank 7 allocates 4 lines, with 1 bufferlines
Rank 7 calculates 2 lines, from local index 1 to local index 2
Lines = 3, Startline = 4, Endline = 6
Rank 1 allocates 5 lines, with 2 bufferlines
Rank 1 calculates 3 lines, from local index 1 to local index 3
Lines = 3, Startline = 16, Endline = 18
Rank 5 allocates 5 lines, with 2 bufferlines
Rank 5 calculates 3 lines, from local index 1 to local index 3
Berechnungszeit:    0.023083 s 
Speicherbedarf:     0.009537 MiB
Berechnungsmethode: Jacobi
Interlines:         2
Stoerfunktion:      f(x,y) = 2pi^2*sin(pi*x)sin(pi*y)
Terminierung:       Anzahl der Iterationen
Anzahl Iterationen: 1024
Norm des Fehlers:   4.993788e-07

0.00000000 0.00000000 0.00000000 0.00000000 0.00000000 0.00000000 0.00000000 0.00000000 0.00000000 
0.00000000 0.14663375 0.27094384 0.35400519 0.38317246 0.35400519 0.27094384 0.14663375 0.00000000 
0.00000000 0.27094384 0.50063895 0.65411630 0.70801039 0.65411630 0.50063895 0.27094384 0.00000000 
0.00000000 0.35400519 0.65411630 0.85464414 0.92506015 0.85464414 0.65411630 0.35400519 0.00000000 
0.00000000 0.38317246 0.70801039 0.92506015 1.00127789 0.92506015 0.70801039 0.38317246 0.00000000 
0.00000000 0.35400519 0.65411630 0.85464414 0.92506015 0.85464414 0.65411630 0.35400519 0.00000000 
0.00000000 0.27094384 0.50063895 0.65411630 0.70801039 0.65411630 0.50063895 0.27094384 0.00000000 
0.00000000 0.14663375 0.27094384 0.35400519 0.38317246 0.35400519 0.27094384 0.14663375 0.00000000 
0.00000000 0.00000000 0.00000000 0.00000000 0.00000000 0.00000000 0.00000000 0.00000000 0.00000000 


9 Processes

Lines = 3, Startline = 0, Endline = 2
Rank 0 allocates 4 lines, with 1 bufferlines
Rank 0 calculates 2 lines, from local index 1 to local index 2
Lines = 3, Startline = 3, Endline = 5
Rank 1 allocates 5 lines, with 2 bufferlines
Rank 1 calculates 3 lines, from local index 1 to local index 3
Lines = 3, Startline = 6, Endline = 8
Rank 2 allocates 5 lines, with 2 bufferlines
Rank 2 calculates 3 lines, from local index 1 to local index 3
Lines = 3, Startline = 15, Endline = 17
Rank 5 allocates 5 lines, with 2 bufferlines
Rank 5 calculates 3 lines, from local index 1 to local index 3
Lines = 3, Startline = 9, Endline = 11
Rank 3 allocates 5 lines, with 2 bufferlines
Rank 3 calculates 3 lines, from local index 1 to local index 3
Lines = 3, Startline = 12, Endline = 14
Rank 4 allocates 5 lines, with 2 bufferlines
Rank 4 calculates 3 lines, from local index 1 to local index 3
Lines = 3, Startline = 18, Endline = 20
Rank 6 allocates 5 lines, with 2 bufferlines
Rank 6 calculates 3 lines, from local index 1 to local index 3
Lines = 2, Startline = 21, Endline = 22
Rank 7 allocates 4 lines, with 2 bufferlines
Rank 7 calculates 2 lines, from local index 1 to local index 2
Lines = 2, Startline = 23, Endline = 24
Rank 8 allocates 3 lines, with 1 bufferlines
Rank 8 calculates 1 lines, from local index 1 to local index 1
Berechnungszeit:    0.026946 s 
Speicherbedarf:     0.009537 MiB
Berechnungsmethode: Jacobi
Interlines:         2
Stoerfunktion:      f(x,y) = 2pi^2*sin(pi*x)sin(pi*y)
Terminierung:       Anzahl der Iterationen
Anzahl Iterationen: 1024
Norm des Fehlers:   3.377433e-07

0.00000000 0.00000000 0.00000000 0.00000000 0.00000000 0.00000000 0.00000000 0.00000000 0.00000000 
0.00000000 0.14663375 0.27094384 0.35400519 0.38317246 0.35400519 0.27094384 0.14663375 0.00000000 
0.00000000 0.27094384 0.50063895 0.65411630 0.70801039 0.65411630 0.50063895 0.27094384 0.00000000 
0.00000000 0.35400519 0.65411630 0.85464414 0.92506015 0.85464414 0.65411630 0.35400519 0.00000000 
0.00000000 0.38317246 0.70801039 0.92506015 1.00127789 0.92506015 0.70801039 0.38317246 0.00000000 
0.00000000 0.35400519 0.65411630 0.85464414 0.92506015 0.85464414 0.65411630 0.35400519 0.00000000 
0.00000000 0.27094384 0.50063895 0.65411630 0.70801039 0.65411630 0.50063895 0.27094384 0.00000000 
0.00000000 0.14663375 0.27094384 0.35400519 0.38317246 0.35400519 0.27094384 0.14663375 0.00000000 
0.00000000 0.00000000 0.00000000 0.00000000 0.00000000 0.00000000 0.00000000 0.00000000 0.00000000 


10 Processes

Lines = 3, Startline = 9, Endline = 11
Rank 3 allocates 5 lines, with 2 bufferlines
Rank 3 calculates 3 lines, from local index 1 to local index 3
Lines = 3, Startline = 12, Endline = 14
Rank 4 allocates 5 lines, with 2 bufferlines
Rank 4 calculates 3 lines, from local index 1 to local index 3
Lines = 2, Startline = 15, Endline = 16
Rank 5 allocates 4 lines, with 2 bufferlines
Rank 5 calculates 2 lines, from local index 1 to local index 2
Lines = 2, Startline = 17, Endline = 18
Rank 6 allocates 4 lines, with 2 bufferlines
Rank 6 calculates 2 lines, from local index 1 to local index 2
Lines = 2, Startline = 19, Endline = 20
Rank 7 allocates 4 lines, with 2 bufferlines
Rank 7 calculates 2 lines, from local index 1 to local index 2
Lines = 3, Startline = 0, Endline = 2
Rank 0 allocates 4 lines, with 1 bufferlines
Rank 0 calculates 2 lines, from local index 1 to local index 2
Lines = 3, Startline = 3, Endline = 5
Rank 1 allocates 5 lines, with 2 bufferlines
Rank 1 calculates 3 lines, from local index 1 to local index 3
Lines = 3, Startline = 6, Endline = 8
Rank 2 allocates 5 lines, with 2 bufferlines
Rank 2 calculates 3 lines, from local index 1 to local index 3
Lines = 2, Startline = 21, Endline = 22
Rank 8 allocates 4 lines, with 2 bufferlines
Rank 8 calculates 2 lines, from local index 1 to local index 2
Lines = 2, Startline = 23, Endline = 24
Rank 9 allocates 3 lines, with 1 bufferlines
Rank 9 calculates 1 lines, from local index 1 to local index 1
Berechnungszeit:    0.028672 s 
Speicherbedarf:     0.009537 MiB
Berechnungsmethode: Jacobi
Interlines:         2
Stoerfunktion:      f(x,y) = 2pi^2*sin(pi*x)sin(pi*y)
Terminierung:       Anzahl der Iterationen
Anzahl Iterationen: 1024
Norm des Fehlers:   3.377433e-07

0.00000000 0.00000000 0.00000000 0.00000000 0.00000000 0.00000000 0.00000000 0.00000000 0.00000000 
0.00000000 0.14663375 0.27094384 0.35400519 0.38317246 0.35400519 0.27094384 0.14663375 0.00000000 
0.00000000 0.27094384 0.50063895 0.65411630 0.70801039 0.65411630 0.50063895 0.27094384 0.00000000 
0.00000000 0.35400519 0.65411630 0.85464414 0.92506015 0.85464414 0.65411630 0.35400519 0.00000000 
0.00000000 0.38317246 0.70801039 0.92506015 1.00127789 0.92506015 0.70801039 0.38317246 0.00000000 
0.00000000 0.35400519 0.65411630 0.85464414 0.92506015 0.85464414 0.65411630 0.35400519 0.00000000 
0.00000000 0.27094384 0.50063895 0.65411630 0.70801039 0.65411630 0.50063895 0.27094384 0.00000000 
0.00000000 0.14663375 0.27094384 0.35400519 0.38317246 0.35400519 0.27094384 0.14663375 0.00000000 
0.00000000 0.00000000 0.00000000 0.00000000 0.00000000 0.00000000 0.00000000 0.00000000 0.00000000 
Starting Jacobi complex 

Lines = 171, Startline = 343, Endline = 513
Rank 2 allocates 173 lines, with 2 bufferlines
Lines = 171, Startline = 514, Endline = 684
Rank 3 allocates 173 lines, with 2 bufferlines
Lines = 171, Startline = 2053, Endline = 2223
Rank 12 allocates 173 lines, with 2 bufferlines
Lines = 171, Startline = 2224, Endline = 2394
Rank 13 allocates 173 lines, with 2 bufferlines
Lines = 171, Startline = 2395, Endline = 2565
Rank 14 allocates 173 lines, with 2 bufferlines
Lines = 171, Startline = 2566, Endline = 2736
Rank 15 allocates 173 lines, with 2 bufferlines
Lines = 171, Startline = 2908, Endline = 3078
Lines = 171, Startline = 3763, Endline = 3933
Rank 22 allocates 173 lines, with 2 bufferlines
Lines = 171, Startline = 3934, Endline = 4104
Rank 23 allocates 172 lines, with 1 bufferlines
Lines = 172, Startline = 0, Endline = 171
Rank 0 allocates 173 lines, with 1 bufferlines
Lines = 171, Startline = 172, Endline = 342
Rank 1 allocates 173 lines, with 2 bufferlines
Lines = 171, Startline = 685, Endline = 855
Rank 4 allocates 173 lines, with 2 bufferlines
Lines = 171, Startline = 856, Endline = 1026
Rank 5 allocates 173 lines, with 2 bufferlines
Lines = 171, Startline = 1027, Endline = 1197
Rank 6 allocates 173 lines, with 2 bufferlines
Lines = 171, Startline = 1198, Endline = 1368
Rank 7 allocates 173 lines, with 2 bufferlines
Lines = 171, Startline = 1369, Endline = 1539
Rank 8 allocates 173 lines, with 2 bufferlines
Lines = 171, Startline = 1540, Endline = 1710
Rank 9 allocates 173 lines, with 2 bufferlines
Lines = 171, Startline = 1711, Endline = 1881
Rank 10 allocates 173 lines, with 2 bufferlines
Lines = 171, Startline = 1882, Endline = 2052
Rank 11 allocates 173 lines, with 2 bufferlines
Lines = 171, Startline = 2737, Endline = 2907
Rank 16 allocates 173 lines, with 2 bufferlines
Lines = 171, Startline = 3079, Endline = 3249
Rank 18 allocates 173 lines, with 2 bufferlines
Lines = 171, Startline = 3250, Endline = 3420
Rank 19 allocates 173 lines, with 2 bufferlines
Lines = 171, Startline = 3421, Endline = 3591
Rank 20 allocates 173 lines, with 2 bufferlines
Lines = 171, Startline = 3592, Endline = 3762
Rank 21 allocates 173 lines, with 2 bufferlines
Rank 17 allocates 173 lines, with 2 bufferlines
Rank 20 calculates 171 lines, from local index 1 to local index 171
Rank 0 calculates 171 lines, from local index 1 to local index 171
Rank 18 calculates 171 lines, from local index 1 to local index 171
Rank 21 calculates 171 lines, from local index 1 to local index 171
Rank 22 calculates 171 lines, from local index 1 to local index 171
Rank 23 calculates 170 lines, from local index 1 to local index 170
Rank 1 calculates 171 lines, from local index 1 to local index 171
Rank 2 calculates 171 lines, from local index 1 to local index 171
Rank 3 calculates 171 lines, from local index 1 to local index 171
Rank 4 calculates 171 lines, from local index 1 to local index 171
Rank 5 calculates 171 lines, from local index 1 to local index 171
Rank 6 calculates 171 lines, from local index 1 to local index 171
Rank 7 calculates 171 lines, from local index 1 to local index 171
Rank 8 calculates 171 lines, from local index 1 to local index 171
Rank 9 calculates 171 lines, from local index 1 to local index 171
Rank 11 calculates 171 lines, from local index 1 to local index 171
Rank 12 calculates 171 lines, from local index 1 to local index 171
Rank 13 calculates 171 lines, from local index 1 to local index 171
Rank 14 calculates 171 lines, from local index 1 to local index 171
Rank 15 calculates 171 lines, from local index 1 to local index 171
Rank 16 calculates 171 lines, from local index 1 to local index 171
Rank 19 calculates 171 lines, from local index 1 to local index 171
Rank 17 calculates 171 lines, from local index 1 to local index 171
Rank 10 calculates 171 lines, from local index 1 to local index 171
Berechnungszeit:    30.562209 s 
Speicherbedarf:     257.126236 MiB
Berechnungsmethode: Jacobi
Interlines:         512
Stoerfunktion:      f(x,y) = 2pi^2*sin(pi*x)sin(pi*y)
Terminierung:       Anzahl der Iterationen
Anzahl Iterationen: 1024
Norm des Fehlers:   3.823161e-08

0.00000000 0.00000000 0.00000000 0.00000000 0.00000000 0.00000000 0.00000000 0.00000000 0.00000000 
0.00000000 0.00004393 0.00008117 0.00010606 0.00011480 0.00010606 0.00008117 0.00004393 0.00000000 
0.00000000 0.00008117 0.00014999 0.00019597 0.00021212 0.00019597 0.00014999 0.00008117 0.00000000 
0.00000000 0.00010606 0.00019597 0.00025605 0.00027714 0.00025605 0.00019597 0.00010606 0.00000000 
0.00000000 0.00011480 0.00021212 0.00027714 0.00029998 0.00027714 0.00021212 0.00011480 0.00000000 
0.00000000 0.00010606 0.00019597 0.00025605 0.00027714 0.00025605 0.00019597 0.00010606 0.00000000 
0.00000000 0.00008117 0.00014999 0.00019597 0.00021212 0.00019597 0.00014999 0.00008117 0.00000000 
0.00000000 0.00004393 0.00008117 0.00010606 0.00011480 0.00010606 0.00008117 0.00004393 0.00000000 
0.00000000 0.00000000 0.00000000 0.00000000 0.00000000 0.00000000 0.00000000 0.00000000 0.00000000 
