Berechnungszeit:    0.016133 s 
Speicherbedarf:     0.004768 MiB
Berechnungsmethode: Gauß-Seidel
Interlines:         2
Stoerfunktion:      f(x,y) = 2pi^2*sin(pi*x)sin(pi*y)
Terminierung:       Anzahl der Iterationen
Anzahl Iterationen: 1024
Norm des Fehlers:   3.980769e-10

Matrix:
 0.0000 0.0000 0.0000 0.0000 0.0000 0.0000 0.0000 0.0000 0.0000
 0.0000 0.1467 0.2710 0.3541 0.3832 0.3541 0.2710 0.1467 0.0000
 0.0000 0.2710 0.5007 0.6542 0.7081 0.6542 0.5007 0.2710 0.0000
 0.0000 0.3541 0.6542 0.8548 0.9252 0.8548 0.6542 0.3541 0.0000
 0.0000 0.3832 0.7081 0.9252 1.0014 0.9252 0.7081 0.3832 0.0000
 0.0000 0.3541 0.6542 0.8548 0.9252 0.8548 0.6542 0.3541 0.0000
 0.0000 0.2710 0.5007 0.6542 0.7081 0.6542 0.5007 0.2710 0.0000
 0.0000 0.1467 0.2710 0.3541 0.3832 0.3541 0.2710 0.1467 0.0000
 0.0000 0.0000 0.0000 0.0000 0.0000 0.0000 0.0000 0.0000 0.0000
Berechnungszeit:    0.018149 s 
Speicherbedarf:     0.004768 MiB
Berechnungsmethode: Gauß-Seidel
Interlines:         2
Stoerfunktion:      f(x,y) = 2pi^2*sin(pi*x)sin(pi*y)
Terminierung:       Anzahl der Iterationen
Anzahl Iterationen: 1024
Norm des Fehlers:   3.980769e-10

Matrix:
 0.0000 0.0000 0.0000 0.0000 0.0000 0.0000 0.0000 0.0000 0.0000
 0.0000 0.1467 0.2710 0.3541 0.3832 0.3541 0.2710 0.1467 0.0000
 0.0000 0.2710 0.5007 0.6542 0.7081 0.6542 0.5007 0.2710 0.0000
 0.0000 0.3541 0.6542 0.8548 0.9252 0.8548 0.6542 0.3541 0.0000
 0.0000 0.3832 0.7081 0.9252 1.0014 0.9252 0.7081 0.3832 0.0000
 0.0000 0.3541 0.6542 0.8548 0.9252 0.8548 0.6542 0.3541 0.0000
 0.0000 0.2710 0.5007 0.6542 0.7081 0.6542 0.5007 0.2710 0.0000
 0.0000 0.1467 0.2710 0.3541 0.3832 0.3541 0.2710 0.1467 0.0000
 0.0000 0.0000 0.0000 0.0000 0.0000 0.0000 0.0000 0.0000 0.0000
Berechnungszeit:    0.017854 s 
Speicherbedarf:     0.004768 MiB
Berechnungsmethode: Gauß-Seidel
Interlines:         2
Stoerfunktion:      f(x,y) = 2pi^2*sin(pi*x)sin(pi*y)
Terminierung:       Anzahl der Iterationen
Anzahl Iterationen: 1024
Norm des Fehlers:   3.980769e-10

Matrix:
 0.0000 0.0000 0.0000 0.0000 0.0000 0.0000 0.0000 0.0000 0.0000
 0.0000 0.1467 0.2710 0.3541 0.3832 0.3541 0.2710 0.1467 0.0000
 0.0000 0.2710 0.5007 0.6542 0.7081 0.6542 0.5007 0.2710 0.0000
 0.0000 0.3541 0.6542 0.8548 0.9252 0.8548 0.6542 0.3541 0.0000
 0.0000 0.3832 0.7081 0.9252 1.0014 0.9252 0.7081 0.3832 0.0000
 0.0000 0.3541 0.6542 0.8548 0.9252 0.8548 0.6542 0.3541 0.0000
 0.0000 0.2710 0.5007 0.6542 0.7081 0.6542 0.5007 0.2710 0.0000
 0.0000 0.1467 0.2710 0.3541 0.3832 0.3541 0.2710 0.1467 0.0000
 0.0000 0.0000 0.0000 0.0000 0.0000 0.0000 0.0000 0.0000 0.0000
Berechnungszeit:    0.018045 s 
Speicherbedarf:     0.004768 MiB
Berechnungsmethode: Gauß-Seidel
Interlines:         2
Stoerfunktion:      f(x,y) = 2pi^2*sin(pi*x)sin(pi*y)
Terminierung:       Anzahl der Iterationen
Anzahl Iterationen: 1024
Norm des Fehlers:   3.980769e-10

Matrix:
 0.0000 0.0000 0.0000 0.0000 0.0000 0.0000 0.0000 0.0000 0.0000
 0.0000 0.1467 0.2710 0.3541 0.3832 0.3541 0.2710 0.1467 0.0000
 0.0000 0.2710 0.5007 0.6542 0.7081 0.6542 0.5007 0.2710 0.0000
 0.0000 0.3541 0.6542 0.8548 0.9252 0.8548 0.6542 0.3541 0.0000
 0.0000 0.3832 0.7081 0.9252 1.0014 0.9252 0.7081 0.3832 0.0000
 0.0000 0.3541 0.6542 0.8548 0.9252 0.8548 0.6542 0.3541 0.0000
 0.0000 0.2710 0.5007 0.6542 0.7081 0.6542 0.5007 0.2710 0.0000
 0.0000 0.1467 0.2710 0.3541 0.3832 0.3541 0.2710 0.1467 0.0000
 0.0000 0.0000 0.0000 0.0000 0.0000 0.0000 0.0000 0.0000 0.0000
Berechnungszeit:    0.018494 s 
Speicherbedarf:     0.004768 MiB
Berechnungsmethode: Gauß-Seidel
Interlines:         2
Stoerfunktion:      f(x,y) = 2pi^2*sin(pi*x)sin(pi*y)
Terminierung:       Anzahl der Iterationen
Anzahl Iterationen: 1024
Norm des Fehlers:   3.980769e-10

Matrix:
 0.0000 0.0000 0.0000 0.0000 0.0000 0.0000 0.0000 0.0000 0.0000
 0.0000 0.1467 0.2710 0.3541 0.3832 0.3541 0.2710 0.1467 0.0000
 0.0000 0.2710 0.5007 0.6542 0.7081 0.6542 0.5007 0.2710 0.0000
 0.0000 0.3541 0.6542 0.8548 0.9252 0.8548 0.6542 0.3541 0.0000
 0.0000 0.3832 0.7081 0.9252 1.0014 0.9252 0.7081 0.3832 0.0000
 0.0000 0.3541 0.6542 0.8548 0.9252 0.8548 0.6542 0.3541 0.0000
 0.0000 0.2710 0.5007 0.6542 0.7081 0.6542 0.5007 0.2710 0.0000
 0.0000 0.1467 0.2710 0.3541 0.3832 0.3541 0.2710 0.1467 0.0000
 0.0000 0.0000 0.0000 0.0000 0.0000 0.0000 0.0000 0.0000 0.0000
Berechnungszeit:    0.017283 s 
Speicherbedarf:     0.004768 MiB
Berechnungsmethode: Gauß-Seidel
Interlines:         2
Stoerfunktion:      f(x,y) = 2pi^2*sin(pi*x)sin(pi*y)
Terminierung:       Anzahl der Iterationen
Anzahl Iterationen: 1024
Norm des Fehlers:   3.980769e-10

Matrix:
 0.0000 0.0000 0.0000 0.0000 0.0000 0.0000 0.0000 0.0000 0.0000
 0.0000 0.1467 0.2710 0.3541 0.3832 0.3541 0.2710 0.1467 0.0000
 0.0000 0.2710 0.5007 0.6542 0.7081 0.6542 0.5007 0.2710 0.0000
 0.0000 0.3541 0.6542 0.8548 0.9252 0.8548 0.6542 0.3541 0.0000
 0.0000 0.3832 0.7081 0.9252 1.0014 0.9252 0.7081 0.3832 0.0000
 0.0000 0.3541 0.6542 0.8548 0.9252 0.8548 0.6542 0.3541 0.0000
 0.0000 0.2710 0.5007 0.6542 0.7081 0.6542 0.5007 0.2710 0.0000
 0.0000 0.1467 0.2710 0.3541 0.3832 0.3541 0.2710 0.1467 0.0000
 0.0000 0.0000 0.0000 0.0000 0.0000 0.0000 0.0000 0.0000 0.0000
Berechnungszeit:    0.017637 s 
Speicherbedarf:     0.004768 MiB
Berechnungsmethode: Gauß-Seidel
Interlines:         2
Stoerfunktion:      f(x,y) = 2pi^2*sin(pi*x)sin(pi*y)
Terminierung:       Anzahl der Iterationen
Anzahl Iterationen: 1024
Norm des Fehlers:   3.980769e-10

Matrix:
 0.0000 0.0000 0.0000 0.0000 0.0000 0.0000 0.0000 0.0000 0.0000
 0.0000 0.1467 0.2710 0.3541 0.3832 0.3541 0.2710 0.1467 0.0000
 0.0000 0.2710 0.5007 0.6542 0.7081 0.6542 0.5007 0.2710 0.0000
 0.0000 0.3541 0.6542 0.8548 0.9252 0.8548 0.6542 0.3541 0.0000
 0.0000 0.3832 0.7081 0.9252 1.0014 0.9252 0.7081 0.3832 0.0000
 0.0000 0.3541 0.6542 0.8548 0.9252 0.8548 0.6542 0.3541 0.0000
 0.0000 0.2710 0.5007 0.6542 0.7081 0.6542 0.5007 0.2710 0.0000
 0.0000 0.1467 0.2710 0.3541 0.3832 0.3541 0.2710 0.1467 0.0000
 0.0000 0.0000 0.0000 0.0000 0.0000 0.0000 0.0000 0.0000 0.0000
Berechnungszeit:    0.026660 s 
Speicherbedarf:     0.004768 MiB
Berechnungsmethode: Gauß-Seidel
Interlines:         2
Stoerfunktion:      f(x,y) = 2pi^2*sin(pi*x)sin(pi*y)
Terminierung:       Anzahl der Iterationen
Anzahl Iterationen: 1024
Norm des Fehlers:   3.980769e-10

Matrix:
 0.0000 0.0000 0.0000 0.0000 0.0000 0.0000 0.0000 0.0000 0.0000
 0.0000 0.1467 0.2710 0.3541 0.3832 0.3541 0.2710 0.1467 0.0000
 0.0000 0.2710 0.5007 0.6542 0.7081 0.6542 0.5007 0.2710 0.0000
 0.0000 0.3541 0.6542 0.8548 0.9252 0.8548 0.6542 0.3541 0.0000
 0.0000 0.3832 0.7081 0.9252 1.0014 0.9252 0.7081 0.3832 0.0000
 0.0000 0.3541 0.6542 0.8548 0.9252 0.8548 0.6542 0.3541 0.0000
 0.0000 0.2710 0.5007 0.6542 0.7081 0.6542 0.5007 0.2710 0.0000
 0.0000 0.1467 0.2710 0.3541 0.3832 0.3541 0.2710 0.1467 0.0000
 0.0000 0.0000 0.0000 0.0000 0.0000 0.0000 0.0000 0.0000 0.0000
Berechnungszeit:    0.026536 s 
Speicherbedarf:     0.004768 MiB
Berechnungsmethode: Gauß-Seidel
Interlines:         2
Stoerfunktion:      f(x,y) = 2pi^2*sin(pi*x)sin(pi*y)
Terminierung:       Anzahl der Iterationen
Anzahl Iterationen: 1024
Norm des Fehlers:   3.980769e-10

Matrix:
 0.0000 0.0000 0.0000 0.0000 0.0000 0.0000 0.0000 0.0000 0.0000
 0.0000 0.1467 0.2710 0.3541 0.3832 0.3541 0.2710 0.1467 0.0000
 0.0000 0.2710 0.5007 0.6542 0.7081 0.6542 0.5007 0.2710 0.0000
 0.0000 0.3541 0.6542 0.8548 0.9252 0.8548 0.6542 0.3541 0.0000
 0.0000 0.3832 0.7081 0.9252 1.0014 0.9252 0.7081 0.3832 0.0000
 0.0000 0.3541 0.6542 0.8548 0.9252 0.8548 0.6542 0.3541 0.0000
 0.0000 0.2710 0.5007 0.6542 0.7081 0.6542 0.5007 0.2710 0.0000
 0.0000 0.1467 0.2710 0.3541 0.3832 0.3541 0.2710 0.1467 0.0000
 0.0000 0.0000 0.0000 0.0000 0.0000 0.0000 0.0000 0.0000 0.0000
Berechnungszeit:    0.016901 s 
Speicherbedarf:     0.004768 MiB
Berechnungsmethode: Gauß-Seidel
Interlines:         2
Stoerfunktion:      f(x,y) = 2pi^2*sin(pi*x)sin(pi*y)
Terminierung:       Anzahl der Iterationen
Anzahl Iterationen: 1024
Norm des Fehlers:   3.980769e-10

Matrix:
 0.0000 0.0000 0.0000 0.0000 0.0000 0.0000 0.0000 0.0000 0.0000
 0.0000 0.1467 0.2710 0.3541 0.3832 0.3541 0.2710 0.1467 0.0000
 0.0000 0.2710 0.5007 0.6542 0.7081 0.6542 0.5007 0.2710 0.0000
 0.0000 0.3541 0.6542 0.8548 0.9252 0.8548 0.6542 0.3541 0.0000
 0.0000 0.3832 0.7081 0.9252 1.0014 0.9252 0.7081 0.3832 0.0000
 0.0000 0.3541 0.6542 0.8548 0.9252 0.8548 0.6542 0.3541 0.0000
 0.0000 0.2710 0.5007 0.6542 0.7081 0.6542 0.5007 0.2710 0.0000
 0.0000 0.1467 0.2710 0.3541 0.3832 0.3541 0.2710 0.1467 0.0000
 0.0000 0.0000 0.0000 0.0000 0.0000 0.0000 0.0000 0.0000 0.0000
