Berechnungszeit:    0.015018 s 
Speicherbedarf:     0.009537 MiB
Berechnungsmethode: Jacobi
Interlines:         2
Stoerfunktion:      f(x,y) = 2pi^2*sin(pi*x)sin(pi*y)
Terminierung:       Anzahl der Iterationen
Anzahl Iterationen: 1024
Norm des Fehlers:   1.304940e-06

Matrix:
 0.0000 0.0000 0.0000 0.0000 0.0000 0.0000 0.0000 0.0000 0.0000
 0.0000 0.1466 0.2709 0.3540 0.3832 0.3540 0.2709 0.1466 0.0000
 0.0000 0.2709 0.5006 0.6541 0.7080 0.6541 0.5006 0.2709 0.0000
 0.0000 0.3540 0.6541 0.8546 0.9251 0.8546 0.6541 0.3540 0.0000
 0.0000 0.3832 0.7080 0.9251 1.0013 0.9251 0.7080 0.3832 0.0000
 0.0000 0.3540 0.6541 0.8546 0.9251 0.8546 0.6541 0.3540 0.0000
 0.0000 0.2709 0.5006 0.6541 0.7080 0.6541 0.5006 0.2709 0.0000
 0.0000 0.1466 0.2709 0.3540 0.3832 0.3540 0.2709 0.1466 0.0000
 0.0000 0.0000 0.0000 0.0000 0.0000 0.0000 0.0000 0.0000 0.0000
