Starting Gauss-Seidel

Berechnungszeit:    0.016130 s 
Speicherbedarf:     0.004768 MiB
Berechnungsmethode: Gauß-Seidel
Interlines:         2
Stoerfunktion:      f(x,y) = 2pi^2*sin(pi*x)sin(pi*y)
Terminierung:       Anzahl der Iterationen
Anzahl Iterationen: 1024
Norm des Fehlers:   3.980769e-10

Matrix:
0.00000000 0.00000000 0.00000000 0.00000000 0.00000000 0.00000000 0.00000000 0.00000000 0.00000000 
0.00000000 0.14665590 0.27098476 0.35405865 0.38323032 0.35405865 0.27098476 0.14665590 0.00000000 
0.00000000 0.27098476 0.50071455 0.65421508 0.70811730 0.65421508 0.50071455 0.27098476 0.00000000 
0.00000000 0.35405865 0.65421508 0.85477320 0.92519984 0.85477320 0.65421508 0.35405865 0.00000000 
0.00000000 0.38323032 0.70811730 0.92519984 1.00142910 0.92519984 0.70811731 0.38323032 0.00000000 
0.00000000 0.35405865 0.65421508 0.85477320 0.92519984 0.85477320 0.65421509 0.35405865 0.00000000 
0.00000000 0.27098476 0.50071455 0.65421508 0.70811731 0.65421509 0.50071455 0.27098476 0.00000000 
0.00000000 0.14665590 0.27098476 0.35405865 0.38323032 0.35405865 0.27098476 0.14665590 0.00000000 
0.00000000 0.00000000 0.00000000 0.00000000 0.00000000 0.00000000 0.00000000 0.00000000 0.00000000 


Berechnungszeit:    0.020044 s 
Speicherbedarf:     0.004768 MiB
Berechnungsmethode: Gauß-Seidel
Interlines:         2
Stoerfunktion:      f(x,y) = 2pi^2*sin(pi*x)sin(pi*y)
Terminierung:       Anzahl der Iterationen
Anzahl Iterationen: 1024
Norm des Fehlers:   3.980769e-10

Matrix:
0.00000000 0.00000000 0.00000000 0.00000000 0.00000000 0.00000000 0.00000000 0.00000000 0.00000000 
0.00000000 0.14665590 0.27098476 0.35405865 0.38323032 0.35405865 0.27098476 0.14665590 0.00000000 
0.00000000 0.27098476 0.50071455 0.65421508 0.70811730 0.65421508 0.50071455 0.27098476 0.00000000 
0.00000000 0.35405865 0.65421508 0.85477320 0.92519984 0.85477320 0.65421508 0.35405865 0.00000000 
0.00000000 0.38323032 0.70811730 0.92519984 1.00142910 0.92519984 0.70811731 0.38323032 0.00000000 
0.00000000 0.35405865 0.65421508 0.85477320 0.92519984 0.85477320 0.65421509 0.35405865 0.00000000 
0.00000000 0.27098476 0.50071455 0.65421508 0.70811731 0.65421509 0.50071455 0.27098476 0.00000000 
0.00000000 0.14665590 0.27098476 0.35405865 0.38323032 0.35405865 0.27098476 0.14665590 0.00000000 
0.00000000 0.00000000 0.00000000 0.00000000 0.00000000 0.00000000 0.00000000 0.00000000 0.00000000 


Berechnungszeit:    0.018628 s 
Speicherbedarf:     0.004768 MiB
Berechnungsmethode: Gauß-Seidel
Interlines:         2
Stoerfunktion:      f(x,y) = 2pi^2*sin(pi*x)sin(pi*y)
Terminierung:       Anzahl der Iterationen
Anzahl Iterationen: 1024
Norm des Fehlers:   3.980769e-10

Matrix:
0.00000000 0.00000000 0.00000000 0.00000000 0.00000000 0.00000000 0.00000000 0.00000000 0.00000000 
0.00000000 0.14665590 0.27098476 0.35405865 0.38323032 0.35405865 0.27098476 0.14665590 0.00000000 
0.00000000 0.27098476 0.50071455 0.65421508 0.70811730 0.65421508 0.50071455 0.27098476 0.00000000 
0.00000000 0.35405865 0.65421508 0.85477320 0.92519984 0.85477320 0.65421508 0.35405865 0.00000000 
0.00000000 0.38323032 0.70811730 0.92519984 1.00142910 0.92519984 0.70811731 0.38323032 0.00000000 
0.00000000 0.35405865 0.65421508 0.85477320 0.92519984 0.85477320 0.65421509 0.35405865 0.00000000 
0.00000000 0.27098476 0.50071455 0.65421508 0.70811731 0.65421509 0.50071455 0.27098476 0.00000000 
0.00000000 0.14665590 0.27098476 0.35405865 0.38323032 0.35405865 0.27098476 0.14665590 0.00000000 
0.00000000 0.00000000 0.00000000 0.00000000 0.00000000 0.00000000 0.00000000 0.00000000 0.00000000 


Berechnungszeit:    0.018209 s 
Speicherbedarf:     0.004768 MiB
Berechnungsmethode: Gauß-Seidel
Interlines:         2
Stoerfunktion:      f(x,y) = 2pi^2*sin(pi*x)sin(pi*y)
Terminierung:       Anzahl der Iterationen
Anzahl Iterationen: 1024
Norm des Fehlers:   3.980769e-10

Matrix:
0.00000000 0.00000000 0.00000000 0.00000000 0.00000000 0.00000000 0.00000000 0.00000000 0.00000000 
0.00000000 0.14665590 0.27098476 0.35405865 0.38323032 0.35405865 0.27098476 0.14665590 0.00000000 
0.00000000 0.27098476 0.50071455 0.65421508 0.70811730 0.65421508 0.50071455 0.27098476 0.00000000 
0.00000000 0.35405865 0.65421508 0.85477320 0.92519984 0.85477320 0.65421508 0.35405865 0.00000000 
0.00000000 0.38323032 0.70811730 0.92519984 1.00142910 0.92519984 0.70811731 0.38323032 0.00000000 
0.00000000 0.35405865 0.65421508 0.85477320 0.92519984 0.85477320 0.65421509 0.35405865 0.00000000 
0.00000000 0.27098476 0.50071455 0.65421508 0.70811731 0.65421509 0.50071455 0.27098476 0.00000000 
0.00000000 0.14665590 0.27098476 0.35405865 0.38323032 0.35405865 0.27098476 0.14665590 0.00000000 
0.00000000 0.00000000 0.00000000 0.00000000 0.00000000 0.00000000 0.00000000 0.00000000 0.00000000 


Berechnungszeit:    0.018209 s 
Speicherbedarf:     0.004768 MiB
Berechnungsmethode: Gauß-Seidel
Interlines:         2
Stoerfunktion:      f(x,y) = 2pi^2*sin(pi*x)sin(pi*y)
Terminierung:       Anzahl der Iterationen
Anzahl Iterationen: 1024
Norm des Fehlers:   3.980769e-10

Matrix:
0.00000000 0.00000000 0.00000000 0.00000000 0.00000000 0.00000000 0.00000000 0.00000000 0.00000000 
0.00000000 0.14665590 0.27098476 0.35405865 0.38323032 0.35405865 0.27098476 0.14665590 0.00000000 
0.00000000 0.27098476 0.50071455 0.65421508 0.70811730 0.65421508 0.50071455 0.27098476 0.00000000 
0.00000000 0.35405865 0.65421508 0.85477320 0.92519984 0.85477320 0.65421508 0.35405865 0.00000000 
0.00000000 0.38323032 0.70811730 0.92519984 1.00142910 0.92519984 0.70811731 0.38323032 0.00000000 
0.00000000 0.35405865 0.65421508 0.85477320 0.92519984 0.85477320 0.65421509 0.35405865 0.00000000 
0.00000000 0.27098476 0.50071455 0.65421508 0.70811731 0.65421509 0.50071455 0.27098476 0.00000000 
0.00000000 0.14665590 0.27098476 0.35405865 0.38323032 0.35405865 0.27098476 0.14665590 0.00000000 
0.00000000 0.00000000 0.00000000 0.00000000 0.00000000 0.00000000 0.00000000 0.00000000 0.00000000 


Berechnungszeit:    0.026673 s 
Speicherbedarf:     0.004768 MiB
Berechnungsmethode: Gauß-Seidel
Interlines:         2
Stoerfunktion:      f(x,y) = 2pi^2*sin(pi*x)sin(pi*y)
Terminierung:       Anzahl der Iterationen
Anzahl Iterationen: 1024
Norm des Fehlers:   3.980769e-10

Matrix:
0.00000000 0.00000000 0.00000000 0.00000000 0.00000000 0.00000000 0.00000000 0.00000000 0.00000000 
0.00000000 0.14665590 0.27098476 0.35405865 0.38323032 0.35405865 0.27098476 0.14665590 0.00000000 
0.00000000 0.27098476 0.50071455 0.65421508 0.70811730 0.65421508 0.50071455 0.27098476 0.00000000 
0.00000000 0.35405865 0.65421508 0.85477320 0.92519984 0.85477320 0.65421508 0.35405865 0.00000000 
0.00000000 0.38323032 0.70811730 0.92519984 1.00142910 0.92519984 0.70811731 0.38323032 0.00000000 
0.00000000 0.35405865 0.65421508 0.85477320 0.92519984 0.85477320 0.65421509 0.35405865 0.00000000 
0.00000000 0.27098476 0.50071455 0.65421508 0.70811731 0.65421509 0.50071455 0.27098476 0.00000000 
0.00000000 0.14665590 0.27098476 0.35405865 0.38323032 0.35405865 0.27098476 0.14665590 0.00000000 
0.00000000 0.00000000 0.00000000 0.00000000 0.00000000 0.00000000 0.00000000 0.00000000 0.00000000 


Berechnungszeit:    0.017805 s 
Speicherbedarf:     0.004768 MiB
Berechnungsmethode: Gauß-Seidel
Interlines:         2
Stoerfunktion:      f(x,y) = 2pi^2*sin(pi*x)sin(pi*y)
Terminierung:       Anzahl der Iterationen
Anzahl Iterationen: 1024
Norm des Fehlers:   3.980769e-10

Matrix:
0.00000000 0.00000000 0.00000000 0.00000000 0.00000000 0.00000000 0.00000000 0.00000000 0.00000000 
0.00000000 0.14665590 0.27098476 0.35405865 0.38323032 0.35405865 0.27098476 0.14665590 0.00000000 
0.00000000 0.27098476 0.50071455 0.65421508 0.70811730 0.65421508 0.50071455 0.27098476 0.00000000 
0.00000000 0.35405865 0.65421508 0.85477320 0.92519984 0.85477320 0.65421508 0.35405865 0.00000000 
0.00000000 0.38323032 0.70811730 0.92519984 1.00142910 0.92519984 0.70811731 0.38323032 0.00000000 
0.00000000 0.35405865 0.65421508 0.85477320 0.92519984 0.85477320 0.65421509 0.35405865 0.00000000 
0.00000000 0.27098476 0.50071455 0.65421508 0.70811731 0.65421509 0.50071455 0.27098476 0.00000000 
0.00000000 0.14665590 0.27098476 0.35405865 0.38323032 0.35405865 0.27098476 0.14665590 0.00000000 
0.00000000 0.00000000 0.00000000 0.00000000 0.00000000 0.00000000 0.00000000 0.00000000 0.00000000 


Berechnungszeit:    0.015930 s 
Speicherbedarf:     0.004768 MiB
Berechnungsmethode: Gauß-Seidel
Interlines:         2
Stoerfunktion:      f(x,y) = 2pi^2*sin(pi*x)sin(pi*y)
Terminierung:       Anzahl der Iterationen
Anzahl Iterationen: 1024
Norm des Fehlers:   3.980769e-10

Matrix:
0.00000000 0.00000000 0.00000000 0.00000000 0.00000000 0.00000000 0.00000000 0.00000000 0.00000000 
0.00000000 0.14665590 0.27098476 0.35405865 0.38323032 0.35405865 0.27098476 0.14665590 0.00000000 
0.00000000 0.27098476 0.50071455 0.65421508 0.70811730 0.65421508 0.50071455 0.27098476 0.00000000 
0.00000000 0.35405865 0.65421508 0.85477320 0.92519984 0.85477320 0.65421508 0.35405865 0.00000000 
0.00000000 0.38323032 0.70811730 0.92519984 1.00142910 0.92519984 0.70811731 0.38323032 0.00000000 
0.00000000 0.35405865 0.65421508 0.85477320 0.92519984 0.85477320 0.65421509 0.35405865 0.00000000 
0.00000000 0.27098476 0.50071455 0.65421508 0.70811731 0.65421509 0.50071455 0.27098476 0.00000000 
0.00000000 0.14665590 0.27098476 0.35405865 0.38323032 0.35405865 0.27098476 0.14665590 0.00000000 
0.00000000 0.00000000 0.00000000 0.00000000 0.00000000 0.00000000 0.00000000 0.00000000 0.00000000 


Berechnungszeit:    0.017236 s 
Speicherbedarf:     0.004768 MiB
Berechnungsmethode: Gauß-Seidel
Interlines:         2
Stoerfunktion:      f(x,y) = 2pi^2*sin(pi*x)sin(pi*y)
Terminierung:       Anzahl der Iterationen
Anzahl Iterationen: 1024
Norm des Fehlers:   3.980769e-10

Matrix:
0.00000000 0.00000000 0.00000000 0.00000000 0.00000000 0.00000000 0.00000000 0.00000000 0.00000000 
0.00000000 0.14665590 0.27098476 0.35405865 0.38323032 0.35405865 0.27098476 0.14665590 0.00000000 
0.00000000 0.27098476 0.50071455 0.65421508 0.70811730 0.65421508 0.50071455 0.27098476 0.00000000 
0.00000000 0.35405865 0.65421508 0.85477320 0.92519984 0.85477320 0.65421508 0.35405865 0.00000000 
0.00000000 0.38323032 0.70811730 0.92519984 1.00142910 0.92519984 0.70811731 0.38323032 0.00000000 
0.00000000 0.35405865 0.65421508 0.85477320 0.92519984 0.85477320 0.65421509 0.35405865 0.00000000 
0.00000000 0.27098476 0.50071455 0.65421508 0.70811731 0.65421509 0.50071455 0.27098476 0.00000000 
0.00000000 0.14665590 0.27098476 0.35405865 0.38323032 0.35405865 0.27098476 0.14665590 0.00000000 
0.00000000 0.00000000 0.00000000 0.00000000 0.00000000 0.00000000 0.00000000 0.00000000 0.00000000 


Berechnungszeit:    0.025313 s 
Speicherbedarf:     0.004768 MiB
Berechnungsmethode: Gauß-Seidel
Interlines:         2
Stoerfunktion:      f(x,y) = 2pi^2*sin(pi*x)sin(pi*y)
Terminierung:       Anzahl der Iterationen
Anzahl Iterationen: 1024
Norm des Fehlers:   3.980769e-10

Matrix:
0.00000000 0.00000000 0.00000000 0.00000000 0.00000000 0.00000000 0.00000000 0.00000000 0.00000000 
0.00000000 0.14665590 0.27098476 0.35405865 0.38323032 0.35405865 0.27098476 0.14665590 0.00000000 
0.00000000 0.27098476 0.50071455 0.65421508 0.70811730 0.65421508 0.50071455 0.27098476 0.00000000 
0.00000000 0.35405865 0.65421508 0.85477320 0.92519984 0.85477320 0.65421508 0.35405865 0.00000000 
0.00000000 0.38323032 0.70811730 0.92519984 1.00142910 0.92519984 0.70811731 0.38323032 0.00000000 
0.00000000 0.35405865 0.65421508 0.85477320 0.92519984 0.85477320 0.65421509 0.35405865 0.00000000 
0.00000000 0.27098476 0.50071455 0.65421508 0.70811731 0.65421509 0.50071455 0.27098476 0.00000000 
0.00000000 0.14665590 0.27098476 0.35405865 0.38323032 0.35405865 0.27098476 0.14665590 0.00000000 
0.00000000 0.00000000 0.00000000 0.00000000 0.00000000 0.00000000 0.00000000 0.00000000 0.00000000 


Starting Jacobi



1 Processes

Berechnungszeit:    0.014946 s 
Speicherbedarf:     0.009537 MiB
Berechnungsmethode: Jacobi
Interlines:         2
Stoerfunktion:      f(x,y) = 2pi^2*sin(pi*x)sin(pi*y)
Terminierung:       Anzahl der Iterationen
Anzahl Iterationen: 1024
Norm des Fehlers:   1.304940e-06

Matrix:
0.00000000 0.00000000 0.00000000 0.00000000 0.00000000 0.00000000 0.00000000 0.00000000 0.00000000 
0.00000000 0.14663375 0.27094384 0.35400519 0.38317246 0.35400519 0.27094384 0.14663375 0.00000000 
0.00000000 0.27094384 0.50063895 0.65411630 0.70801039 0.65411630 0.50063895 0.27094384 0.00000000 
0.00000000 0.35400519 0.65411630 0.85464414 0.92506015 0.85464414 0.65411630 0.35400519 0.00000000 
0.00000000 0.38317246 0.70801039 0.92506015 1.00127789 0.92506015 0.70801039 0.38317246 0.00000000 
0.00000000 0.35400519 0.65411630 0.85464414 0.92506015 0.85464414 0.65411630 0.35400519 0.00000000 
0.00000000 0.27094384 0.50063895 0.65411630 0.70801039 0.65411630 0.50063895 0.27094384 0.00000000 
0.00000000 0.14663375 0.27094384 0.35400519 0.38317246 0.35400519 0.27094384 0.14663375 0.00000000 
0.00000000 0.00000000 0.00000000 0.00000000 0.00000000 0.00000000 0.00000000 0.00000000 0.00000000 


2 Processes

Lines = 13, Startline = 0, Endline = 12
Rank 0 allocates 14 lines, with 1 bufferlines
Lines = 12, Startline = 13, Endline = 24
Rank 1 allocates 13 lines, with 1 bufferlines
Rank 0 calculates 12 lines, from local index 1 to local index 12
Rank 1 calculates 11 lines, from local index 1 to local index 11
Berechnungszeit:    0.017921 s 
Speicherbedarf:     0.009537 MiB
Berechnungsmethode: Jacobi
Interlines:         2
Stoerfunktion:      f(x,y) = 2pi^2*sin(pi*x)sin(pi*y)
Terminierung:       Anzahl der Iterationen
Anzahl Iterationen: 1024
Norm des Fehlers:   1.304940e-06

0.00000000 0.00000000 0.00000000 0.00000000 0.00000000 0.00000000 0.00000000 0.00000000 0.00000000 
0.00000000 0.14663375 0.27094384 0.35400519 0.38317246 0.35400519 0.27094384 0.14663375 0.00000000 
0.00000000 0.27094384 0.50063895 0.65411630 0.70801039 0.65411630 0.50063895 0.27094384 0.00000000 
0.00000000 0.35400519 0.65411630 0.85464414 0.92506015 0.85464414 0.65411630 0.35400519 0.00000000 
0.00000000 0.38317246 0.70801039 0.92506015 1.00127789 0.92506015 0.70801039 0.38317246 0.00000000 
0.00000000 0.35400519 0.65411630 0.85464414 0.92506015 0.85464414 0.65411630 0.35400519 0.00000000 
0.00000000 0.27094384 0.50063895 0.65411630 0.70801039 0.65411630 0.50063895 0.27094384 0.00000000 
0.00000000 0.14663375 0.27094384 0.35400519 0.38317246 0.35400519 0.27094384 0.14663375 0.00000000 
0.00000000 0.00000000 0.00000000 0.00000000 0.00000000 0.00000000 0.00000000 0.00000000 0.00000000 



3 Processes

Lines = 9, Startline = 0, Endline = 8
Rank 0 allocates 10 lines, with 1 bufferlines
Lines = 8, Startline = 9, Endline = 16
Rank 1 allocates 10 lines, with 2 bufferlines
Lines = 8, Startline = 17, Endline = 24
Rank 2 allocates 9 lines, with 1 bufferlines
Rank 0 calculates 8 lines, from local index 1 to local index 8
Rank 1 calculates 8 lines, from local index 1 to local index 8
Rank 2 calculates 7 lines, from local index 1 to local index 7
Berechnungszeit:    0.016744 s 
Speicherbedarf:     0.009537 MiB
Berechnungsmethode: Jacobi
Interlines:         2
Stoerfunktion:      f(x,y) = 2pi^2*sin(pi*x)sin(pi*y)
Terminierung:       Anzahl der Iterationen
Anzahl Iterationen: 1024
Norm des Fehlers:   1.304940e-06

0.00000000 0.00000000 0.00000000 0.00000000 0.00000000 0.00000000 0.00000000 0.00000000 0.00000000 
0.00000000 0.14663375 0.27094384 0.35400519 0.38317246 0.35400519 0.27094384 0.14663375 0.00000000 
0.00000000 0.27094384 0.50063895 0.65411630 0.70801039 0.65411630 0.50063895 0.27094384 0.00000000 
0.00000000 0.35400519 0.65411630 0.85464414 0.92506015 0.85464414 0.65411630 0.35400519 0.00000000 
0.00000000 0.38317246 0.70801039 0.92506015 1.00127789 0.92506015 0.70801039 0.38317246 0.00000000 
0.00000000 0.35400519 0.65411630 0.85464414 0.92506015 0.85464414 0.65411630 0.35400519 0.00000000 
0.00000000 0.27094384 0.50063895 0.65411630 0.70801039 0.65411630 0.50063895 0.27094384 0.00000000 
0.00000000 0.14663375 0.27094384 0.35400519 0.38317246 0.35400519 0.27094384 0.14663375 0.00000000 
0.00000000 0.00000000 0.00000000 0.00000000 0.00000000 0.00000000 0.00000000 0.00000000 0.00000000 



4 Processes

Lines = 7, Startline = 0, Endline = 6
Rank 0 allocates 8 lines, with 1 bufferlines
Lines = 6, Startline = 7, Endline = 12
Rank 1 allocates 8 lines, with 2 bufferlines
Lines = 6, Startline = 13, Endline = 18
Rank 2 allocates 8 lines, with 2 bufferlines
Lines = 6, Startline = 19, Endline = 24
Rank 3 allocates 7 lines, with 1 bufferlines
Rank 0 calculates 6 lines, from local index 1 to local index 6
Rank 1 calculates 6 lines, from local index 1 to local index 6
Rank 2 calculates 6 lines, from local index 1 to local index 6
Rank 3 calculates 5 lines, from local index 1 to local index 5
Berechnungszeit:    0.017323 s 
Speicherbedarf:     0.009537 MiB
Berechnungsmethode: Jacobi
Interlines:         2
Stoerfunktion:      f(x,y) = 2pi^2*sin(pi*x)sin(pi*y)
Terminierung:       Anzahl der Iterationen
Anzahl Iterationen: 1024
Norm des Fehlers:   1.304940e-06

0.00000000 0.00000000 0.00000000 0.00000000 0.00000000 0.00000000 0.00000000 0.00000000 0.00000000 
0.00000000 0.14663375 0.27094384 0.35400519 0.38317246 0.35400519 0.27094384 0.14663375 0.00000000 
0.00000000 0.27094384 0.50063895 0.65411630 0.70801039 0.65411630 0.50063895 0.27094384 0.00000000 
0.00000000 0.35400519 0.65411630 0.85464414 0.92506015 0.85464414 0.65411630 0.35400519 0.00000000 
0.00000000 0.38317246 0.70801039 0.92506015 1.00127789 0.92506015 0.70801039 0.38317246 0.00000000 
0.00000000 0.35400519 0.65411630 0.85464414 0.92506015 0.85464414 0.65411630 0.35400519 0.00000000 
0.00000000 0.27094384 0.50063895 0.65411630 0.70801039 0.65411630 0.50063895 0.27094384 0.00000000 
0.00000000 0.14663375 0.27094384 0.35400519 0.38317246 0.35400519 0.27094384 0.14663375 0.00000000 
0.00000000 0.00000000 0.00000000 0.00000000 0.00000000 0.00000000 0.00000000 0.00000000 0.00000000 



5 Processes

Lines = 5, Startline = 0, Endline = 4
Rank 0 allocates 6 lines, with 1 bufferlines
Lines = 5, Startline = 5, Endline = 9
Rank 1 allocates 7 lines, with 2 bufferlines
Lines = 5, Startline = 10, Endline = 14
Rank 2 allocates 7 lines, with 2 bufferlines
Lines = 5, Startline = 15, Endline = 19
Rank 3 allocates 7 lines, with 2 bufferlines
Lines = 5, Startline = 20, Endline = 24
Rank 4 allocates 6 lines, with 1 bufferlines
Rank 0 calculates 4 lines, from local index 1 to local index 4
Rank 1 calculates 5 lines, from local index 1 to local index 5
Rank 2 calculates 5 lines, from local index 1 to local index 5
Rank 3 calculates 5 lines, from local index 1 to local index 5
Rank 4 calculates 4 lines, from local index 1 to local index 4
Berechnungszeit:    0.018947 s 
Speicherbedarf:     0.009537 MiB
Berechnungsmethode: Jacobi
Interlines:         2
Stoerfunktion:      f(x,y) = 2pi^2*sin(pi*x)sin(pi*y)
Terminierung:       Anzahl der Iterationen
Anzahl Iterationen: 1024
Norm des Fehlers:   1.304940e-06

0.00000000 0.00000000 0.00000000 0.00000000 0.00000000 0.00000000 0.00000000 0.00000000 0.00000000 
0.00000000 0.14663375 0.27094384 0.35400519 0.38317246 0.35400519 0.27094384 0.14663375 0.00000000 
0.00000000 0.27094384 0.50063895 0.65411630 0.70801039 0.65411630 0.50063895 0.27094384 0.00000000 
0.00000000 0.35400519 0.65411630 0.85464414 0.92506015 0.85464414 0.65411630 0.35400519 0.00000000 
0.00000000 0.38317246 0.70801039 0.92506015 1.00127789 0.92506015 0.70801039 0.38317246 0.00000000 
0.00000000 0.35400519 0.65411630 0.85464414 0.92506015 0.85464414 0.65411630 0.35400519 0.00000000 
0.00000000 0.27094384 0.50063895 0.65411630 0.70801039 0.65411630 0.50063895 0.27094384 0.00000000 
0.00000000 0.14663375 0.27094384 0.35400519 0.38317246 0.35400519 0.27094384 0.14663375 0.00000000 
0.00000000 0.00000000 0.00000000 0.00000000 0.00000000 0.00000000 0.00000000 0.00000000 0.00000000 



6 Processes

Lines = 5, Startline = 0, Endline = 4
Rank 0 allocates 6 lines, with 1 bufferlines
Lines = 4, Startline = 5, Endline = 8
Rank 1 allocates 6 lines, with 2 bufferlines
Lines = 4, Startline = 9, Endline = 12
Rank 2 allocates 6 lines, with 2 bufferlines
Lines = 4, Startline = 13, Endline = 16
Rank 3 allocates 6 lines, with 2 bufferlines
Lines = 4, Startline = 17, Endline = 20
Rank 4 allocates 6 lines, with 2 bufferlines
Lines = 4, Startline = 21, Endline = 24
Rank 5 allocates 5 lines, with 1 bufferlines
Rank 0 calculates 4 lines, from local index 1 to local index 4
Rank 1 calculates 4 lines, from local index 1 to local index 4
Rank 2 calculates 4 lines, from local index 1 to local index 4
Rank 3 calculates 4 lines, from local index 1 to local index 4
Rank 4 calculates 4 lines, from local index 1 to local index 4
Rank 5 calculates 3 lines, from local index 1 to local index 3
Berechnungszeit:    0.024051 s 
Speicherbedarf:     0.009537 MiB
Berechnungsmethode: Jacobi
Interlines:         2
Stoerfunktion:      f(x,y) = 2pi^2*sin(pi*x)sin(pi*y)
Terminierung:       Anzahl der Iterationen
Anzahl Iterationen: 1024
Norm des Fehlers:   1.304940e-06

0.00000000 0.00000000 0.00000000 0.00000000 0.00000000 0.00000000 0.00000000 0.00000000 0.00000000 
0.00000000 0.14663375 0.27094384 0.35400519 0.38317246 0.35400519 0.27094384 0.14663375 0.00000000 
0.00000000 0.27094384 0.50063895 0.65411630 0.70801039 0.65411630 0.50063895 0.27094384 0.00000000 
0.00000000 0.35400519 0.65411630 0.85464414 0.92506015 0.85464414 0.65411630 0.35400519 0.00000000 
0.00000000 0.38317246 0.70801039 0.92506015 1.00127789 0.92506015 0.70801039 0.38317246 0.00000000 
0.00000000 0.35400519 0.65411630 0.85464414 0.92506015 0.85464414 0.65411630 0.35400519 0.00000000 
0.00000000 0.27094384 0.50063895 0.65411630 0.70801039 0.65411630 0.50063895 0.27094384 0.00000000 
0.00000000 0.14663375 0.27094384 0.35400519 0.38317246 0.35400519 0.27094384 0.14663375 0.00000000 
0.00000000 0.00000000 0.00000000 0.00000000 0.00000000 0.00000000 0.00000000 0.00000000 0.00000000 



7 Processes

Lines = 4, Startline = 0, Endline = 3
Rank 0 allocates 5 lines, with 1 bufferlines
Lines = 4, Startline = 4, Endline = 7
Rank 1 allocates 6 lines, with 2 bufferlines
Lines = 3, Startline = 16, Endline = 18
Rank 4 allocates 5 lines, with 2 bufferlines
Lines = 3, Startline = 19, Endline = 21
Rank 5 allocates 5 lines, with 2 bufferlines
Lines = 3, Startline = 22, Endline = 24
Rank 6 allocates 4 lines, with 1 bufferlines
Lines = 4, Startline = 8, Endline = 11
Rank 2 allocates 6 lines, with 2 bufferlines
Lines = 4, Startline = 12, Endline = 15
Rank 3 allocates 6 lines, with 2 bufferlines
Rank 0 calculates 3 lines, from local index 1 to local index 3
Rank 1 calculates 4 lines, from local index 1 to local index 4
Rank 2 calculates 4 lines, from local index 1 to local index 4
Rank 3 calculates 4 lines, from local index 1 to local index 4
Rank 4 calculates 3 lines, from local index 1 to local index 3
Rank 5 calculates 3 lines, from local index 1 to local index 3
Rank 6 calculates 2 lines, from local index 1 to local index 2
Berechnungszeit:    0.026862 s 
Speicherbedarf:     0.009537 MiB
Berechnungsmethode: Jacobi
Interlines:         2
Stoerfunktion:      f(x,y) = 2pi^2*sin(pi*x)sin(pi*y)
Terminierung:       Anzahl der Iterationen
Anzahl Iterationen: 1024
Norm des Fehlers:   1.304940e-06

0.00000000 0.00000000 0.00000000 0.00000000 0.00000000 0.00000000 0.00000000 0.00000000 0.00000000 
0.00000000 0.14663375 0.27094384 0.35400519 0.38317246 0.35400519 0.27094384 0.14663375 0.00000000 
0.00000000 0.27094384 0.50063895 0.65411630 0.70801039 0.65411630 0.50063895 0.27094384 0.00000000 
0.00000000 0.35400519 0.65411630 0.85464414 0.92506015 0.85464414 0.65411630 0.35400519 0.00000000 
0.00000000 0.38317246 0.70801039 0.92506015 1.00127789 0.92506015 0.70801039 0.38317246 0.00000000 
0.00000000 0.35400519 0.65411630 0.85464414 0.92506015 0.85464414 0.65411630 0.35400519 0.00000000 
0.00000000 0.27094384 0.50063895 0.65411630 0.70801039 0.65411630 0.50063895 0.27094384 0.00000000 
0.00000000 0.14663375 0.27094384 0.35400519 0.38317246 0.35400519 0.27094384 0.14663375 0.00000000 
0.00000000 0.00000000 0.00000000 0.00000000 0.00000000 0.00000000 0.00000000 0.00000000 0.00000000 



8 Processes

Lines = 4, Startline = 0, Endline = 3
Rank 0 allocates 5 lines, with 1 bufferlines
Lines = 3, Startline = 4, Endline = 6
Rank 1 allocates 5 lines, with 2 bufferlines
Lines = 3, Startline = 7, Endline = 9
Rank 2 allocates 5 lines, with 2 bufferlines
Lines = 3, Startline = 10, Endline = 12
Rank 3 allocates 5 lines, with 2 bufferlines
Lines = 3, Startline = 13, Endline = 15
Rank 4 allocates 5 lines, with 2 bufferlines
Lines = 3, Startline = 16, Endline = 18
Rank 5 allocates 5 lines, with 2 bufferlines
Lines = 3, Startline = 19, Endline = 21
Rank 6 allocates 5 lines, with 2 bufferlines
Lines = 3, Startline = 22, Endline = 24
Rank 7 allocates 4 lines, with 1 bufferlines
Rank 0 calculates 3 lines, from local index 1 to local index 3
Rank 1 calculates 3 lines, from local index 1 to local index 3
Rank 2 calculates 3 lines, from local index 1 to local index 3
Rank 3 calculates 3 lines, from local index 1 to local index 3
Rank 4 calculates 3 lines, from local index 1 to local index 3
Rank 5 calculates 3 lines, from local index 1 to local index 3
Rank 6 calculates 3 lines, from local index 1 to local index 3
Rank 7 calculates 2 lines, from local index 1 to local index 2
Berechnungszeit:    0.028880 s 
Speicherbedarf:     0.009537 MiB
Berechnungsmethode: Jacobi
Interlines:         2
Stoerfunktion:      f(x,y) = 2pi^2*sin(pi*x)sin(pi*y)
Terminierung:       Anzahl der Iterationen
Anzahl Iterationen: 1024
Norm des Fehlers:   1.304940e-06

0.00000000 0.00000000 0.00000000 0.00000000 0.00000000 0.00000000 0.00000000 0.00000000 0.00000000 
0.00000000 0.14663375 0.27094384 0.35400519 0.38317246 0.35400519 0.27094384 0.14663375 0.00000000 
0.00000000 0.27094384 0.50063895 0.65411630 0.70801039 0.65411630 0.50063895 0.27094384 0.00000000 
0.00000000 0.35400519 0.65411630 0.85464414 0.92506015 0.85464414 0.65411630 0.35400519 0.00000000 
0.00000000 0.38317246 0.70801039 0.92506015 1.00127789 0.92506015 0.70801039 0.38317246 0.00000000 
0.00000000 0.35400519 0.65411630 0.85464414 0.92506015 0.85464414 0.65411630 0.35400519 0.00000000 
0.00000000 0.27094384 0.50063895 0.65411630 0.70801039 0.65411630 0.50063895 0.27094384 0.00000000 
0.00000000 0.14663375 0.27094384 0.35400519 0.38317246 0.35400519 0.27094384 0.14663375 0.00000000 
0.00000000 0.00000000 0.00000000 0.00000000 0.00000000 0.00000000 0.00000000 0.00000000 0.00000000 



9 Processes

Lines = 3, Startline = 6, Endline = 8
Rank 2 allocates 5 lines, with 2 bufferlines
Lines = 3, Startline = 9, Endline = 11
Rank 3 allocates 5 lines, with 2 bufferlines
Lines = 3, Startline = 15, Endline = 17
Rank 5 allocates 5 lines, with 2 bufferlines
Lines = 3, Startline = 0, Endline = 2
Rank 0 allocates 4 lines, with 1 bufferlines
Lines = 3, Startline = 3, Endline = 5
Rank 1 allocates 5 lines, with 2 bufferlines
Lines = 3, Startline = 12, Endline = 14
Rank 4 allocates 5 lines, with 2 bufferlines
Lines = 3, Startline = 18, Endline = 20
Rank 6 allocates 5 lines, with 2 bufferlines
Lines = 2, Startline = 21, Endline = 22
Rank 7 allocates 4 lines, with 2 bufferlines
Lines = 2, Startline = 23, Endline = 24
Rank 8 allocates 3 lines, with 1 bufferlines
Rank 0 calculates 2 lines, from local index 1 to local index 2
Rank 1 calculates 3 lines, from local index 1 to local index 3
Rank 2 calculates 3 lines, from local index 1 to local index 3
Rank 3 calculates 3 lines, from local index 1 to local index 3
Rank 4 calculates 3 lines, from local index 1 to local index 3
Rank 5 calculates 3 lines, from local index 1 to local index 3
Rank 6 calculates 3 lines, from local index 1 to local index 3
Rank 7 calculates 2 lines, from local index 1 to local index 2
Rank 8 calculates 1 lines, from local index 1 to local index 1
Berechnungszeit:    0.033930 s 
Speicherbedarf:     0.009537 MiB
Berechnungsmethode: Jacobi
Interlines:         2
Stoerfunktion:      f(x,y) = 2pi^2*sin(pi*x)sin(pi*y)
Terminierung:       Anzahl der Iterationen
Anzahl Iterationen: 1024
Norm des Fehlers:   1.304940e-06

0.00000000 0.00000000 0.00000000 0.00000000 0.00000000 0.00000000 0.00000000 0.00000000 0.00000000 
0.00000000 0.14663375 0.27094384 0.35400519 0.38317246 0.35400519 0.27094384 0.14663375 0.00000000 
0.00000000 0.27094384 0.50063895 0.65411630 0.70801039 0.65411630 0.50063895 0.27094384 0.00000000 
0.00000000 0.35400519 0.65411630 0.85464414 0.92506015 0.85464414 0.65411630 0.35400519 0.00000000 
0.00000000 0.38317246 0.70801039 0.92506015 1.00127789 0.92506015 0.70801039 0.38317246 0.00000000 
0.00000000 0.35400519 0.65411630 0.85464414 0.92506015 0.85464414 0.65411630 0.35400519 0.00000000 
0.00000000 0.27094384 0.50063895 0.65411630 0.70801039 0.65411630 0.50063895 0.27094384 0.00000000 
0.00000000 0.14663375 0.27094384 0.35400519 0.38317246 0.35400519 0.27094384 0.14663375 0.00000000 
0.00000000 0.00000000 0.00000000 0.00000000 0.00000000 0.00000000 0.00000000 0.00000000 0.00000000 



10 Processes

Lines = 3, Startline = 0, Endline = 2
Rank 0 allocates 4 lines, with 1 bufferlines
Lines = 3, Startline = 3, Endline = 5
Rank 1 allocates 5 lines, with 2 bufferlines
Lines = 3, Startline = 6, Endline = 8
Rank 2 allocates 5 lines, with 2 bufferlines
Lines = 3, Startline = 9, Endline = 11
Rank 3 allocates 5 lines, with 2 bufferlines
Lines = 3, Startline = 12, Endline = 14
Rank 4 allocates 5 lines, with 2 bufferlines
Lines = 2, Startline = 17, Endline = 18
Rank 6 allocates 4 lines, with 2 bufferlines
Lines = 2, Startline = 19, Endline = 20
Rank 7 allocates 4 lines, with 2 bufferlines
Lines = 2, Startline = 21, Endline = 22
Rank 8 allocates 4 lines, with 2 bufferlines
Lines = 2, Startline = 23, Endline = 24
Rank 9 allocates 3 lines, with 1 bufferlines
Lines = 2, Startline = 15, Endline = 16
Rank 5 allocates 4 lines, with 2 bufferlines
Rank 0 calculates 2 lines, from local index 1 to local index 2
Rank 1 calculates 3 lines, from local index 1 to local index 3
Rank 2 calculates 3 lines, from local index 1 to local index 3
Rank 3 calculates 3 lines, from local index 1 to local index 3
Rank 4 calculates 3 lines, from local index 1 to local index 3
Rank 5 calculates 2 lines, from local index 1 to local index 2
Rank 6 calculates 2 lines, from local index 1 to local index 2
Rank 7 calculates 2 lines, from local index 1 to local index 2
Rank 8 calculates 2 lines, from local index 1 to local index 2
Rank 9 calculates 1 lines, from local index 1 to local index 1
Berechnungszeit:    0.038175 s 
Speicherbedarf:     0.009537 MiB
Berechnungsmethode: Jacobi
Interlines:         2
Stoerfunktion:      f(x,y) = 2pi^2*sin(pi*x)sin(pi*y)
Terminierung:       Anzahl der Iterationen
Anzahl Iterationen: 1024
Norm des Fehlers:   1.304940e-06

0.00000000 0.00000000 0.00000000 0.00000000 0.00000000 0.00000000 0.00000000 0.00000000 0.00000000 
0.00000000 0.14663375 0.27094384 0.35400519 0.38317246 0.35400519 0.27094384 0.14663375 0.00000000 
0.00000000 0.27094384 0.50063895 0.65411630 0.70801039 0.65411630 0.50063895 0.27094384 0.00000000 
0.00000000 0.35400519 0.65411630 0.85464414 0.92506015 0.85464414 0.65411630 0.35400519 0.00000000 
0.00000000 0.38317246 0.70801039 0.92506015 1.00127789 0.92506015 0.70801039 0.38317246 0.00000000 
0.00000000 0.35400519 0.65411630 0.85464414 0.92506015 0.85464414 0.65411630 0.35400519 0.00000000 
0.00000000 0.27094384 0.50063895 0.65411630 0.70801039 0.65411630 0.50063895 0.27094384 0.00000000 
0.00000000 0.14663375 0.27094384 0.35400519 0.38317246 0.35400519 0.27094384 0.14663375 0.00000000 
0.00000000 0.00000000 0.00000000 0.00000000 0.00000000 0.00000000 0.00000000 0.00000000 0.00000000 



Starting Jacobi with FUNC_F0



1 Processes

Berechnungszeit:    0.000856 s 
Speicherbedarf:     0.009537 MiB
Berechnungsmethode: Jacobi
Interlines:         2
Stoerfunktion:      f(x,y) = 0
Terminierung:       Anzahl der Iterationen
Anzahl Iterationen: 1024
Norm des Fehlers:   2.097391e-06

Matrix:
2.00000000 1.87500000 1.75000000 1.62500000 1.50000000 1.37500000 1.25000000 1.12500000 1.00000000 
1.87500000 1.74996425 1.62493394 1.49991369 1.37490658 1.24991369 1.12493394 0.99996425 0.87500000 
1.75000000 1.62493394 1.49987794 1.37484053 1.24982738 1.12484053 0.99987794 0.87493394 0.75000000 
1.62500000 1.49991369 1.37484053 1.24979163 1.12477447 0.99979163 0.87484053 0.74991369 0.62500000 
1.50000000 1.37490658 1.24982738 1.12477447 0.99975588 0.87477447 0.74982738 0.62490658 0.50000000 
1.37500000 1.24991369 1.12484053 0.99979163 0.87477447 0.74979163 0.62484053 0.49991369 0.37500000 
1.25000000 1.12493394 0.99987794 0.87484053 0.74982738 0.62484053 0.49987794 0.37493394 0.25000000 
1.12500000 0.99996425 0.87493394 0.74991369 0.62490658 0.49991369 0.37493394 0.24996425 0.12500000 
1.00000000 0.87500000 0.75000000 0.62500000 0.50000000 0.37500000 0.25000000 0.12500000 0.00000000 


2 Processes

Lines = 13, Startline = 0, Endline = 12
Rank 0 allocates 14 lines, with 1 bufferlines
Lines = 12, Startline = 13, Endline = 24
Rank 1 allocates 13 lines, with 1 bufferlines
Rank 0 calculates 12 lines, from local index 1 to local index 12
Rank 1 calculates 11 lines, from local index 1 to local index 11
Berechnungszeit:    0.008888 s 
Speicherbedarf:     0.009537 MiB
Berechnungsmethode: Jacobi
Interlines:         2
Stoerfunktion:      f(x,y) = 0
Terminierung:       Anzahl der Iterationen
Anzahl Iterationen: 1024
Norm des Fehlers:   2.097391e-06

2.00000000 1.87500000 1.75000000 1.62500000 1.50000000 1.37500000 1.25000000 1.12500000 1.00000000 
1.87500000 1.74996425 1.62493394 1.49991369 1.37490658 1.24991369 1.12493394 0.99996425 0.87500000 
1.75000000 1.62493394 1.49987794 1.37484053 1.24982738 1.12484053 0.99987794 0.87493394 0.75000000 
1.62500000 1.49991369 1.37484053 1.24979163 1.12477447 0.99979163 0.87484053 0.74991369 0.62500000 
1.50000000 1.37490658 1.24982738 1.12477447 0.99975588 0.87477447 0.74982738 0.62490658 0.50000000 
1.37500000 1.24991369 1.12484053 0.99979163 0.87477447 0.74979163 0.62484053 0.49991369 0.37500000 
1.25000000 1.12493394 0.99987794 0.87484053 0.74982738 0.62484053 0.49987794 0.37493394 0.25000000 
1.12500000 0.99996425 0.87493394 0.74991369 0.62490658 0.49991369 0.37493394 0.24996425 0.12500000 
1.00000000 0.87500000 0.75000000 0.62500000 0.50000000 0.37500000 0.25000000 0.12500000 0.00000000 



3 Processes

Lines = 9, Startline = 0, Endline = 8
Rank 0 allocates 10 lines, with 1 bufferlines
Lines = 8, Startline = 9, Endline = 16
Rank 1 allocates 10 lines, with 2 bufferlines
Lines = 8, Startline = 17, Endline = 24
Rank 2 allocates 9 lines, with 1 bufferlines
Rank 0 calculates 8 lines, from local index 1 to local index 8
Rank 1 calculates 8 lines, from local index 1 to local index 8
Rank 2 calculates 7 lines, from local index 1 to local index 7
Berechnungszeit:    0.011169 s 
Speicherbedarf:     0.009537 MiB
Berechnungsmethode: Jacobi
Interlines:         2
Stoerfunktion:      f(x,y) = 0
Terminierung:       Anzahl der Iterationen
Anzahl Iterationen: 1024
Norm des Fehlers:   2.097391e-06

2.00000000 1.87500000 1.75000000 1.62500000 1.50000000 1.37500000 1.25000000 1.12500000 1.00000000 
1.87500000 1.74996425 1.62493394 1.49991369 1.37490658 1.24991369 1.12493394 0.99996425 0.87500000 
1.75000000 1.62493394 1.49987794 1.37484053 1.24982738 1.12484053 0.99987794 0.87493394 0.75000000 
1.62500000 1.49991369 1.37484053 1.24979163 1.12477447 0.99979163 0.87484053 0.74991369 0.62500000 
1.50000000 1.37490658 1.24982738 1.12477447 0.99975588 0.87477447 0.74982738 0.62490658 0.50000000 
1.37500000 1.24991369 1.12484053 0.99979163 0.87477447 0.74979163 0.62484053 0.49991369 0.37500000 
1.25000000 1.12493394 0.99987794 0.87484053 0.74982738 0.62484053 0.49987794 0.37493394 0.25000000 
1.12500000 0.99996425 0.87493394 0.74991369 0.62490658 0.49991369 0.37493394 0.24996425 0.12500000 
1.00000000 0.87500000 0.75000000 0.62500000 0.50000000 0.37500000 0.25000000 0.12500000 0.00000000 



4 Processes

Lines = 7, Startline = 0, Endline = 6
Rank 0 allocates 8 lines, with 1 bufferlines
Lines = 6, Startline = 7, Endline = 12
Rank 1 allocates 8 lines, with 2 bufferlines
Lines = 6, Startline = 13, Endline = 18
Rank 2 allocates 8 lines, with 2 bufferlines
Lines = 6, Startline = 19, Endline = 24
Rank 3 allocates 7 lines, with 1 bufferlines
Rank 0 calculates 6 lines, from local index 1 to local index 6
Rank 1 calculates 6 lines, from local index 1 to local index 6
Rank 2 calculates 6 lines, from local index 1 to local index 6
Rank 3 calculates 5 lines, from local index 1 to local index 5
Berechnungszeit:    0.012938 s 
Speicherbedarf:     0.009537 MiB
Berechnungsmethode: Jacobi
Interlines:         2
Stoerfunktion:      f(x,y) = 0
Terminierung:       Anzahl der Iterationen
Anzahl Iterationen: 1024
Norm des Fehlers:   2.097391e-06

2.00000000 1.87500000 1.75000000 1.62500000 1.50000000 1.37500000 1.25000000 1.12500000 1.00000000 
1.87500000 1.74996425 1.62493394 1.49991369 1.37490658 1.24991369 1.12493394 0.99996425 0.87500000 
1.75000000 1.62493394 1.49987794 1.37484053 1.24982738 1.12484053 0.99987794 0.87493394 0.75000000 
1.62500000 1.49991369 1.37484053 1.24979163 1.12477447 0.99979163 0.87484053 0.74991369 0.62500000 
1.50000000 1.37490658 1.24982738 1.12477447 0.99975588 0.87477447 0.74982738 0.62490658 0.50000000 
1.37500000 1.24991369 1.12484053 0.99979163 0.87477447 0.74979163 0.62484053 0.49991369 0.37500000 
1.25000000 1.12493394 0.99987794 0.87484053 0.74982738 0.62484053 0.49987794 0.37493394 0.25000000 
1.12500000 0.99996425 0.87493394 0.74991369 0.62490658 0.49991369 0.37493394 0.24996425 0.12500000 
1.00000000 0.87500000 0.75000000 0.62500000 0.50000000 0.37500000 0.25000000 0.12500000 0.00000000 



5 Processes

Lines = 5, Startline = 0, Endline = 4
Rank 0 allocates 6 lines, with 1 bufferlines
Lines = 5, Startline = 5, Endline = 9
Rank 1 allocates 7 lines, with 2 bufferlines
Lines = 5, Startline = 10, Endline = 14
Rank 2 allocates 7 lines, with 2 bufferlines
Lines = 5, Startline = 15, Endline = 19
Rank 3 allocates 7 lines, with 2 bufferlines
Lines = 5, Startline = 20, Endline = 24
Rank 4 allocates 6 lines, with 1 bufferlines
Rank 0 calculates 4 lines, from local index 1 to local index 4
Rank 1 calculates 5 lines, from local index 1 to local index 5
Rank 2 calculates 5 lines, from local index 1 to local index 5
Rank 3 calculates 5 lines, from local index 1 to local index 5
Rank 4 calculates 4 lines, from local index 1 to local index 4
Berechnungszeit:    0.014885 s 
Speicherbedarf:     0.009537 MiB
Berechnungsmethode: Jacobi
Interlines:         2
Stoerfunktion:      f(x,y) = 0
Terminierung:       Anzahl der Iterationen
Anzahl Iterationen: 1024
Norm des Fehlers:   2.097391e-06

2.00000000 1.87500000 1.75000000 1.62500000 1.50000000 1.37500000 1.25000000 1.12500000 1.00000000 
1.87500000 1.74996425 1.62493394 1.49991369 1.37490658 1.24991369 1.12493394 0.99996425 0.87500000 
1.75000000 1.62493394 1.49987794 1.37484053 1.24982738 1.12484053 0.99987794 0.87493394 0.75000000 
1.62500000 1.49991369 1.37484053 1.24979163 1.12477447 0.99979163 0.87484053 0.74991369 0.62500000 
1.50000000 1.37490658 1.24982738 1.12477447 0.99975588 0.87477447 0.74982738 0.62490658 0.50000000 
1.37500000 1.24991369 1.12484053 0.99979163 0.87477447 0.74979163 0.62484053 0.49991369 0.37500000 
1.25000000 1.12493394 0.99987794 0.87484053 0.74982738 0.62484053 0.49987794 0.37493394 0.25000000 
1.12500000 0.99996425 0.87493394 0.74991369 0.62490658 0.49991369 0.37493394 0.24996425 0.12500000 
1.00000000 0.87500000 0.75000000 0.62500000 0.50000000 0.37500000 0.25000000 0.12500000 0.00000000 



6 Processes

Lines = 5, Startline = 0, Endline = 4
Rank 0 allocates 6 lines, with 1 bufferlines
Lines = 4, Startline = 5, Endline = 8
Rank 1 allocates 6 lines, with 2 bufferlines
Lines = 4, Startline = 17, Endline = 20
Rank 4 allocates 6 lines, with 2 bufferlines
Lines = 4, Startline = 9, Endline = 12
Rank 2 allocates 6 lines, with 2 bufferlines
