Berechnungszeit:    105.147415 s 
Speicherbedarf:     64.563736 MiB
Berechnungsmethode: Jacobi
Interlines:         256
Stoerfunktion:      f(x,y) = 2pi^2*sin(pi*x)sin(pi*y)
Terminierung:       Anzahl der Iterationen
Anzahl Iterationen: 1024
Norm des Fehlers:   1.166017e-06

Matrix:
0.00000000 0.00000000 0.00000000 0.00000000 0.00000000 0.00000000 0.00000000 0.00000000 0.00000000 
0.00000000 0.00017496 0.00032329 0.00042240 0.00045720 0.00042240 0.00032329 0.00017496 0.00000000 
0.00000000 0.00032329 0.00059736 0.00078048 0.00084479 0.00078048 0.00059736 0.00032329 0.00000000 
0.00000000 0.00042240 0.00078048 0.00101975 0.00110377 0.00101975 0.00078048 0.00042240 0.00000000 
0.00000000 0.00045720 0.00084479 0.00110377 0.00119471 0.00110377 0.00084479 0.00045720 0.00000000 
0.00000000 0.00042240 0.00078048 0.00101975 0.00110377 0.00101975 0.00078048 0.00042240 0.00000000 
0.00000000 0.00032329 0.00059736 0.00078048 0.00084479 0.00078048 0.00059736 0.00032329 0.00000000 
0.00000000 0.00017496 0.00032329 0.00042240 0.00045720 0.00042240 0.00032329 0.00017496 0.00000000 
0.00000000 0.00000000 0.00000000 0.00000000 0.00000000 0.00000000 0.00000000 0.00000000 0.00000000 
