[0] west1 : 2022-11-24 23:17:23.276500
[1] west1 : 2022-11-24 23:17:23.276499
[2] west1 : 2022-11-24 23:17:23.276259
[3] west1 : 2022-11-24 23:17:23.276255
[4] west1 : 2022-11-24 23:17:23.276505
[5] west1 : 2022-11-24 23:17:23.276500
[6] west1 : 2022-11-24 23:17:23.276495
[7] west1 : 2022-11-24 23:17:23.276486
[8] west1 : 2022-11-24 23:17:23.276574
[9] west1 : 2022-11-24 23:17:23.276562
[10] west1 : 2022-11-24 23:17:23.276589
[11] west1 : 2022-11-24 23:17:23.276578
[12] west1 : 2022-11-24 23:17:23.276858
[13] west1 : 2022-11-24 23:17:23.276799
[14] west1 : 2022-11-24 23:17:23.276819
[15] west1 : 2022-11-24 23:17:23.276816
[16] west1 : 2022-11-24 23:17:23.276274
[17] west1 : 2022-11-24 23:17:23.276264
[18] west1 : 2022-11-24 23:17:23.276295
[19] west1 : 2022-11-24 23:17:23.276277
[20] west1 : 2022-11-24 23:17:23.276300
[21] west1 : 2022-11-24 23:17:23.276287
[22] west1 : 2022-11-24 23:17:23.276472
[23] west1 : 2022-11-24 23:17:23.276470
[24] west3 : 2022-11-24 23:17:23.273240
[25] west3 : 2022-11-24 23:17:23.273229
[26] west3 : 2022-11-24 23:17:23.273256
[27] west3 : 2022-11-24 23:17:23.273262
[28] west3 : 2022-11-24 23:17:23.273226
[29] west3 : 2022-11-24 23:17:23.273214
[30] west3 : 2022-11-24 23:17:23.273262
[31] west3 : 2022-11-24 23:17:23.273254
[32] west3 : 2022-11-24 23:17:23.273232
[33] west3 : 2022-11-24 23:17:23.273527
[34] west3 : 2022-11-24 23:17:23.273245
[35] west3 : 2022-11-24 23:17:23.273176
[36] west3 : 2022-11-24 23:17:23.273295
[37] west3 : 2022-11-24 23:17:23.273290
[38] west3 : 2022-11-24 23:17:23.273454
[39] west3 : 2022-11-24 23:17:23.273375
[40] west3 : 2022-11-24 23:17:23.272882
[41] west3 : 2022-11-24 23:17:23.272896
[42] west3 : 2022-11-24 23:17:23.272904
[43] west3 : 2022-11-24 23:17:23.273215
[44] west3 : 2022-11-24 23:17:23.273252
[45] west3 : 2022-11-24 23:17:23.273238
[46] west3 : 2022-11-24 23:17:23.273258
[47] west3 : 2022-11-24 23:17:23.273222
[48] west4 : 2022-11-24 23:17:23.276398
[49] west4 : 2022-11-24 23:17:23.276131
[50] west4 : 2022-11-24 23:17:23.276400
[51] west4 : 2022-11-24 23:17:23.276345
[52] west4 : 2022-11-24 23:17:23.276456
[53] west4 : 2022-11-24 23:17:23.276473
[54] west4 : 2022-11-24 23:17:23.276699
[55] west4 : 2022-11-24 23:17:23.276699
[56] west4 : 2022-11-24 23:17:23.276131
[57] west4 : 2022-11-24 23:17:23.276131
[58] west4 : 2022-11-24 23:17:23.276131
[59] west4 : 2022-11-24 23:17:23.276347
[60] west4 : 2022-11-24 23:17:23.276586
[61] west4 : 2022-11-24 23:17:23.276583
[62] west4 : 2022-11-24 23:17:23.276572
[63] west4 : 2022-11-24 23:17:23.276586
[64] west4 : 2022-11-24 23:17:23.276598
[65] west4 : 2022-11-24 23:17:23.277189
[66] west4 : 2022-11-24 23:17:23.276603
[67] west4 : 2022-11-24 23:17:23.276559
[68] west4 : 2022-11-24 23:17:23.276597
[69] west4 : 2022-11-24 23:17:23.276608
[70] west4 : 2022-11-24 23:17:23.276806
[71] west4 : 2022-11-24 23:17:23.276714
[72] west5 : 2022-11-24 23:17:23.278163
[73] west5 : 2022-11-24 23:17:23.278158
[74] west5 : 2022-11-24 23:17:23.278210
[75] west5 : 2022-11-24 23:17:23.278564
[76] west5 : 2022-11-24 23:17:23.278571
[77] west5 : 2022-11-24 23:17:23.278552
[78] west5 : 2022-11-24 23:17:23.278565
[79] west5 : 2022-11-24 23:17:23.278547
[80] west5 : 2022-11-24 23:17:23.278733
[81] west5 : 2022-11-24 23:17:23.278096
[82] west5 : 2022-11-24 23:17:23.278719
[83] west5 : 2022-11-24 23:17:23.278361
[84] west5 : 2022-11-24 23:17:23.278420
[85] west5 : 2022-11-24 23:17:23.278425
[86] west5 : 2022-11-24 23:17:23.278668
[87] west5 : 2022-11-24 23:17:23.278662
[88] west5 : 2022-11-24 23:17:23.278104
[89] west5 : 2022-11-24 23:17:23.278104
[90] west5 : 2022-11-24 23:17:23.278107
[91] west5 : 2022-11-24 23:17:23.278720
[92] west5 : 2022-11-24 23:17:23.278550
[93] west5 : 2022-11-24 23:17:23.278559
[94] west5 : 2022-11-24 23:17:23.278532
[95] west5 : 2022-11-24 23:17:23.278520
[96] west6 : 2022-11-24 23:17:23.279385
[97] west6 : 2022-11-24 23:17:23.279665
[98] west6 : 2022-11-24 23:17:23.279401
[99] west6 : 2022-11-24 23:17:23.279307
[100] west6 : 2022-11-24 23:17:23.279437
[101] west6 : 2022-11-24 23:17:23.279438
[102] west6 : 2022-11-24 23:17:23.279537
[103] west6 : 2022-11-24 23:17:23.279499
[104] west6 : 2022-11-24 23:17:23.279000
[105] west6 : 2022-11-24 23:17:23.279005
[106] west6 : 2022-11-24 23:17:23.279006
[107] west6 : 2022-11-24 23:17:23.279372
[108] west6 : 2022-11-24 23:17:23.279406
[109] west6 : 2022-11-24 23:17:23.279397
[110] west6 : 2022-11-24 23:17:23.279406
[111] west6 : 2022-11-24 23:17:23.279381
[112] west6 : 2022-11-24 23:17:23.279283
[113] west6 : 2022-11-24 23:17:23.279004
[114] west6 : 2022-11-24 23:17:23.279293
[115] west6 : 2022-11-24 23:17:23.279236
[116] west6 : 2022-11-24 23:17:23.279364
[117] west6 : 2022-11-24 23:17:23.279368
[118] west6 : 2022-11-24 23:17:23.279595
[119] west6 : 2022-11-24 23:17:23.279585
[120] west7 : 2022-11-24 23:17:23.271418
[121] west7 : 2022-11-24 23:17:23.271411
[122] west7 : 2022-11-24 23:17:23.271413
[123] west7 : 2022-11-24 23:17:23.271678
[124] west7 : 2022-11-24 23:17:23.272458
[125] west7 : 2022-11-24 23:17:23.274823
[126] west7 : 2022-11-24 23:17:23.272420
[127] west7 : 2022-11-24 23:17:23.272361
[128] west7 : 2022-11-24 23:17:23.272507
[129] west7 : 2022-11-24 23:17:23.272239
[130] west7 : 2022-11-24 23:17:23.272539
[131] west7 : 2022-11-24 23:17:23.272288
[132] west7 : 2022-11-24 23:17:23.272559
[133] west7 : 2022-11-24 23:17:23.272608
[134] west7 : 2022-11-24 23:17:23.273057
[135] west7 : 2022-11-24 23:17:23.272899
[136] west7 : 2022-11-24 23:17:23.271479
[137] west7 : 2022-11-24 23:17:23.271484
[138] west7 : 2022-11-24 23:17:23.271537
[139] west7 : 2022-11-24 23:17:23.272213
[140] west7 : 2022-11-24 23:17:23.272553
[141] west7 : 2022-11-24 23:17:23.272503
[142] west7 : 2022-11-24 23:17:23.272587
[143] Kleinster MS-Differenz: 271411
[143] Größte Differenz: 8254
[24] beendet jetzt!
[72] beendet jetzt!
[25] beendet jetzt!
[73] beendet jetzt!
[26] beendet jetzt!
[120] beendet jetzt!
[74] beendet jetzt!
[27] beendet jetzt!
[121] beendet jetzt!
[75] beendet jetzt!
[0] beendet jetzt!
[28] beendet jetzt!
[48] beendet jetzt!
[122] beendet jetzt!
[96] beendet jetzt!
[76] beendet jetzt!
[1] beendet jetzt!
[29] beendet jetzt!
[49] beendet jetzt!
[123] beendet jetzt!
[97] beendet jetzt!
[77] beendet jetzt!
[2] beendet jetzt!
[30] beendet jetzt!
[50] beendet jetzt!
[124] beendet jetzt!
[98] beendet jetzt!
[78] beendet jetzt!
[3] beendet jetzt!
[32] beendet jetzt!
[51] beendet jetzt!
[125] beendet jetzt!
[99] beendet jetzt!
[79] beendet jetzt!
[4] beendet jetzt!
[34] beendet jetzt!
[52] beendet jetzt!
[126] beendet jetzt!
[100] beendet jetzt!
[80] beendet jetzt!
[5] beendet jetzt!
[36] beendet jetzt!
[53] beendet jetzt!
[127] beendet jetzt!
[101] beendet jetzt!
[81] beendet jetzt!
[6] beendet jetzt!
[38] beendet jetzt!
[54] beendet jetzt!
[128] beendet jetzt!
[102] beendet jetzt!
[82] beendet jetzt!
[8] beendet jetzt!
[40] beendet jetzt!
[55] beendet jetzt!
[129] beendet jetzt!
[103] beendet jetzt!
[83] beendet jetzt!
[9] beendet jetzt!
[41] beendet jetzt!
[56] beendet jetzt!
[130] beendet jetzt!
[104] beendet jetzt!
[84] beendet jetzt!
[10] beendet jetzt!
[42] beendet jetzt!
[57] beendet jetzt!
[131] beendet jetzt!
[105] beendet jetzt!
[85] beendet jetzt!
[11] beendet jetzt!
[44] beendet jetzt!
[58] beendet jetzt!
[132] beendet jetzt!
[106] beendet jetzt!
[88] beendet jetzt!
[12] beendet jetzt!
[31] beendet jetzt!
[59] beendet jetzt!
[133] beendet jetzt!
[108] beendet jetzt!
[89] beendet jetzt!
[14] beendet jetzt!
[33] beendet jetzt!
[60] beendet jetzt!
[134] beendet jetzt!
[109] beendet jetzt!
[90] beendet jetzt!
[16] beendet jetzt!
[35] beendet jetzt!
[61] beendet jetzt!
[135] beendet jetzt!
[110] beendet jetzt!
[91] beendet jetzt!
[17] beendet jetzt!
[37] beendet jetzt!
[62] beendet jetzt!
[136] beendet jetzt!
[112] beendet jetzt!
[92] beendet jetzt!
[18] beendet jetzt!
[39] beendet jetzt!
[64] beendet jetzt!
[137] beendet jetzt!
[113] beendet jetzt!
[93] beendet jetzt!
[19] beendet jetzt!
[43] beendet jetzt!
[65] beendet jetzt!
[138] beendet jetzt!
[114] beendet jetzt!
[94] beendet jetzt!
[20] beendet jetzt!
[45] beendet jetzt!
[66] beendet jetzt!
[139] beendet jetzt!
[115] beendet jetzt!
[95] beendet jetzt!
[21] beendet jetzt!
[46] beendet jetzt!
[67] beendet jetzt!
[140] beendet jetzt!
[116] beendet jetzt!
[86] beendet jetzt!
[22] beendet jetzt!
[47] beendet jetzt!
[68] beendet jetzt!
[141] beendet jetzt!
[117] beendet jetzt!
[87] beendet jetzt!
[23] beendet jetzt!
[69] beendet jetzt!
[142] beendet jetzt!
[118] beendet jetzt!
[7] beendet jetzt!
[70] beendet jetzt!
[143] beendet jetzt!
[119] beendet jetzt!
[15] beendet jetzt!
[71] beendet jetzt!
[107] beendet jetzt!
[63] beendet jetzt!
[111] beendet jetzt!
[13] beendet jetzt!
