[0] west1 : 2022-11-24 23:17:37.354832
[1] west1 : 2022-11-24 23:17:37.354875
[2] west1 : 2022-11-24 23:17:37.354807
[3] west1 : 2022-11-24 23:17:37.354806
[4] west1 : 2022-11-24 23:17:37.354824
[5] west1 : 2022-11-24 23:17:37.354819
[6] west1 : 2022-11-24 23:17:37.354813
[7] west1 : 2022-11-24 23:17:37.354818
[8] west1 : 2022-11-24 23:17:37.354840
[9] west1 : 2022-11-24 23:17:37.354827
[10] west1 : 2022-11-24 23:17:37.354820
[11] west1 : 2022-11-24 23:17:37.354815
[12] west1 : 2022-11-24 23:17:37.354849
[13] west1 : 2022-11-24 23:17:37.354841
[14] west1 : 2022-11-24 23:17:37.354836
[15] west1 : 2022-11-24 23:17:37.354832
[16] west1 : 2022-11-24 23:17:37.354838
[17] west1 : 2022-11-24 23:17:37.354834
[18] west1 : 2022-11-24 23:17:37.354809
[19] west1 : 2022-11-24 23:17:37.354806
[20] west1 : 2022-11-24 23:17:37.354838
[21] west1 : 2022-11-24 23:17:37.354822
[22] west1 : 2022-11-24 23:17:37.354886
[23] west1 : 2022-11-24 23:17:37.354875
[24] west3 : 2022-11-24 23:17:37.351491
[25] west3 : 2022-11-24 23:17:37.351472
[26] west3 : 2022-11-24 23:17:37.351470
[27] west3 : 2022-11-24 23:17:37.351430
[28] west3 : 2022-11-24 23:17:37.351458
[29] west3 : 2022-11-24 23:17:37.351455
[30] west3 : 2022-11-24 23:17:37.351453
[31] west3 : 2022-11-24 23:17:37.351456
[32] west3 : 2022-11-24 23:17:37.351466
[33] west3 : 2022-11-24 23:17:37.351453
[34] west3 : 2022-11-24 23:17:37.351429
[35] west3 : 2022-11-24 23:17:37.351430
[36] west3 : 2022-11-24 23:17:37.351483
[37] west3 : 2022-11-24 23:17:37.351539
[38] west3 : 2022-11-24 23:17:37.351434
[39] west3 : 2022-11-24 23:17:37.351433
[40] west3 : 2022-11-24 23:17:37.351464
[41] west3 : 2022-11-24 23:17:37.351458
[42] west3 : 2022-11-24 23:17:37.351469
[43] west3 : 2022-11-24 23:17:37.351464
[44] west3 : 2022-11-24 23:17:37.351473
[45] west3 : 2022-11-24 23:17:37.351469
[46] west3 : 2022-11-24 23:17:37.351470
[47] west3 : 2022-11-24 23:17:37.351464
[48] west4 : 2022-11-24 23:17:37.354764
[49] west4 : 2022-11-24 23:17:37.354752
[50] west4 : 2022-11-24 23:17:37.354708
[51] west4 : 2022-11-24 23:17:37.354692
[52] west4 : 2022-11-24 23:17:37.354744
[53] west4 : 2022-11-24 23:17:37.354736
[54] west4 : 2022-11-24 23:17:37.354746
[55] west4 : 2022-11-24 23:17:37.354692
[56] west4 : 2022-11-24 23:17:37.354808
[57] west4 : 2022-11-24 23:17:37.354793
[58] west4 : 2022-11-24 23:17:37.354811
[59] west4 : 2022-11-24 23:17:37.354800
[60] west4 : 2022-11-24 23:17:37.354818
[61] west4 : 2022-11-24 23:17:37.354813
[62] west4 : 2022-11-24 23:17:37.354822
[63] west4 : 2022-11-24 23:17:37.354812
[64] west4 : 2022-11-24 23:17:37.354749
[65] west4 : 2022-11-24 23:17:37.354739
[66] west4 : 2022-11-24 23:17:37.354692
[67] west4 : 2022-11-24 23:17:37.354686
[68] west4 : 2022-11-24 23:17:37.354754
[69] west4 : 2022-11-24 23:17:37.354736
[70] west4 : 2022-11-24 23:17:37.354978
[71] west4 : 2022-11-24 23:17:37.354972
[72] west5 : 2022-11-24 23:17:37.356721
[73] west5 : 2022-11-24 23:17:37.356700
[74] west5 : 2022-11-24 23:17:37.356705
[75] west5 : 2022-11-24 23:17:37.356699
[76] west5 : 2022-11-24 23:17:37.356729
[77] west5 : 2022-11-24 23:17:37.356721
[78] west5 : 2022-11-24 23:17:37.356728
[79] west5 : 2022-11-24 23:17:37.356713
[80] west5 : 2022-11-24 23:17:37.356701
[81] west5 : 2022-11-24 23:17:37.356643
[82] west5 : 2022-11-24 23:17:37.356844
[83] west5 : 2022-11-24 23:17:37.356732
[84] west5 : 2022-11-24 23:17:37.356817
[85] west5 : 2022-11-24 23:17:37.356753
[86] west5 : 2022-11-24 23:17:37.356774
[87] west5 : 2022-11-24 23:17:37.356763
[88] west5 : 2022-11-24 23:17:37.356756
[89] west5 : 2022-11-24 23:17:37.356722
[90] west5 : 2022-11-24 23:17:37.356819
[91] west5 : 2022-11-24 23:17:37.356749
[92] west5 : 2022-11-24 23:17:37.356807
[93] west5 : 2022-11-24 23:17:37.356753
[94] west5 : 2022-11-24 23:17:37.356806
[95] west5 : 2022-11-24 23:17:37.356772
[96] west6 : 2022-11-24 23:17:37.357702
[97] west6 : 2022-11-24 23:17:37.357565
[98] west6 : 2022-11-24 23:17:37.357637
[99] west6 : 2022-11-24 23:17:37.357581
[100] west6 : 2022-11-24 23:17:37.357700
[101] west6 : 2022-11-24 23:17:37.357703
[102] west6 : 2022-11-24 23:17:37.357710
[103] west6 : 2022-11-24 23:17:37.357715
[104] west6 : 2022-11-24 23:17:37.357537
[105] west6 : 2022-11-24 23:17:37.357530
[106] west6 : 2022-11-24 23:17:37.357542
[107] west6 : 2022-11-24 23:17:37.357530
[108] west6 : 2022-11-24 23:17:37.357559
[109] west6 : 2022-11-24 23:17:37.357530
[110] west6 : 2022-11-24 23:17:37.357570
[111] west6 : 2022-11-24 23:17:37.357568
[112] west6 : 2022-11-24 23:17:37.357563
[113] west6 : 2022-11-24 23:17:37.357530
[114] west6 : 2022-11-24 23:17:37.357537
[115] west6 : 2022-11-24 23:17:37.357574
[116] west6 : 2022-11-24 23:17:37.357682
[117] west6 : 2022-11-24 23:17:37.357619
[118] west6 : 2022-11-24 23:17:37.357638
[119] west6 : 2022-11-24 23:17:37.357626
[120] west7 : 2022-11-24 23:17:37.349994
[121] west7 : 2022-11-24 23:17:37.349962
[122] west7 : 2022-11-24 23:17:37.350029
[123] west7 : 2022-11-24 23:17:37.349959
[124] west7 : 2022-11-24 23:17:37.350072
[125] west7 : 2022-11-24 23:17:37.349968
[126] west7 : 2022-11-24 23:17:37.350023
[127] west7 : 2022-11-24 23:17:37.350020
[128] west7 : 2022-11-24 23:17:37.350035
[129] west7 : 2022-11-24 23:17:37.349955
[130] west7 : 2022-11-24 23:17:37.350003
[131] west7 : 2022-11-24 23:17:37.349951
[132] west7 : 2022-11-24 23:17:37.350049
[133] west7 : 2022-11-24 23:17:37.350059
[134] west7 : 2022-11-24 23:17:37.350051
[135] west7 : 2022-11-24 23:17:37.350063
[136] west7 : 2022-11-24 23:17:37.349994
[137] west7 : 2022-11-24 23:17:37.349953
[138] west7 : 2022-11-24 23:17:37.349998
[139] west7 : 2022-11-24 23:17:37.350208
[140] west7 : 2022-11-24 23:17:37.350044
[141] west7 : 2022-11-24 23:17:37.350011
[142] west7 : 2022-11-24 23:17:37.350045
[143] west7 : 2022-11-24 23:17:37.350041
[144] west9 : 2022-11-24 23:17:37.353072
[145] west9 : 2022-11-24 23:17:37.353001
[146] west9 : 2022-11-24 23:17:37.353461
[147] west9 : 2022-11-24 23:17:37.353091
[148] west9 : 2022-11-24 23:17:37.353525
[149] west9 : 2022-11-24 23:17:37.353187
[150] west9 : 2022-11-24 23:17:37.353253
[151] west9 : 2022-11-24 23:17:37.353225
[152] west9 : 2022-11-24 23:17:37.353236
[153] west9 : 2022-11-24 23:17:37.353080
[154] west9 : 2022-11-24 23:17:37.356530
[155] west9 : 2022-11-24 23:17:37.353143
[156] west9 : 2022-11-24 23:17:37.353427
[157] west9 : 2022-11-24 23:17:37.353192
[158] west9 : 2022-11-24 23:17:37.353438
[159] west9 : 2022-11-24 23:17:37.353281
[160] west9 : 2022-11-24 23:17:37.353716
[161] west9 : 2022-11-24 23:17:37.353072
[162] west9 : 2022-11-24 23:17:37.353330
[163] west9 : 2022-11-24 23:17:37.353093
[164] west9 : 2022-11-24 23:17:37.353758
[165] west9 : 2022-11-24 23:17:37.353754
[166] west9 : 2022-11-24 23:17:37.353765
[167] Kleinster MS-Differenz: 349951
[167] Größte Differenz: 7764
[72] beendet jetzt!
[73] beendet jetzt!
[0] beendet jetzt!
[74] beendet jetzt!
[2] beendet jetzt!
[24] beendet jetzt!
[75] beendet jetzt!
[3] beendet jetzt!
[25] beendet jetzt!
[76] beendet jetzt!
[4] beendet jetzt!
[26] beendet jetzt!
[48] beendet jetzt!
[77] beendet jetzt!
[120] beendet jetzt!
[5] beendet jetzt!
[27] beendet jetzt!
[49] beendet jetzt!
[78] beendet jetzt!
[121] beendet jetzt!
[6] beendet jetzt!
[28] beendet jetzt!
[50] beendet jetzt!
[80] beendet jetzt!
[122] beendet jetzt!
[7] beendet jetzt!
[29] beendet jetzt!
[51] beendet jetzt!
[81] beendet jetzt!
[123] beendet jetzt!
[8] beendet jetzt!
[30] beendet jetzt!
[52] beendet jetzt!
[82] beendet jetzt!
[124] beendet jetzt!
[9] beendet jetzt!
[32] beendet jetzt!
[53] beendet jetzt!
[83] beendet jetzt!
[125] beendet jetzt!
[10] beendet jetzt!
[33] beendet jetzt!
[56] beendet jetzt!
[84] beendet jetzt!
[126] beendet jetzt!
[11] beendet jetzt!
[34] beendet jetzt!
[57] beendet jetzt!
[85] beendet jetzt!
[127] beendet jetzt!
[12] beendet jetzt!
[35] beendet jetzt!
[58] beendet jetzt!
[86] beendet jetzt!
[128] beendet jetzt!
[13] beendet jetzt!
[36] beendet jetzt!
[60] beendet jetzt!
[88] beendet jetzt!
[129] beendet jetzt!
[14] beendet jetzt!
[96] beendet jetzt!
[40] beendet jetzt!
[62] beendet jetzt!
[89] beendet jetzt!
[130] beendet jetzt!
[16] beendet jetzt!
[97] beendet jetzt!
[41] beendet jetzt!
[64] beendet jetzt!
[90] beendet jetzt!
[131] beendet jetzt!
[17] beendet jetzt!
[98] beendet jetzt!
[42] beendet jetzt!
[65] beendet jetzt!
[91] beendet jetzt!
[132] beendet jetzt!
[18] beendet jetzt!
[99] beendet jetzt!
[43] beendet jetzt!
[66] beendet jetzt!
[92] beendet jetzt!
[133] beendet jetzt!
[19] beendet jetzt!
[100] beendet jetzt!
[44] beendet jetzt!
[67] beendet jetzt!
[93] beendet jetzt!
[134] beendet jetzt!
[20] beendet jetzt!
[101] beendet jetzt!
[45] beendet jetzt!
[68] beendet jetzt!
[94] beendet jetzt!
[136] beendet jetzt!
[21] beendet jetzt!
[102] beendet jetzt!
[46] beendet jetzt!
[70] beendet jetzt!
[95] beendet jetzt!
[137] beendet jetzt!
[22] beendet jetzt!
[103] beendet jetzt!
[31] beendet jetzt!
[54] beendet jetzt!
[79] beendet jetzt!
[138] beendet jetzt!
[23] beendet jetzt!
[104] beendet jetzt!
[37] beendet jetzt!
[55] beendet jetzt!
[87] beendet jetzt!
[139] beendet jetzt!
[15] beendet jetzt!
[105] beendet jetzt!
[38] beendet jetzt!
[59] beendet jetzt!
[140] beendet jetzt!
[106] beendet jetzt!
[39] beendet jetzt!
[61] beendet jetzt!
[141] beendet jetzt!
[107] beendet jetzt!
[47] beendet jetzt!
[63] beendet jetzt!
[142] beendet jetzt!
[108] beendet jetzt!
[69] beendet jetzt!
[143] beendet jetzt!
[109] beendet jetzt!
[71] beendet jetzt!
[135] beendet jetzt!
[110] beendet jetzt!
[111] beendet jetzt!
[112] beendet jetzt!
[113] beendet jetzt!
[114] beendet jetzt!
[115] beendet jetzt!
[116] beendet jetzt!
[117] beendet jetzt!
[118] beendet jetzt!
[119] beendet jetzt!
[1] beendet jetzt!
[144] beendet jetzt!
[145] beendet jetzt!
[146] beendet jetzt!
[147] beendet jetzt!
[148] beendet jetzt!
[149] beendet jetzt!
[150] beendet jetzt!
[151] beendet jetzt!
[152] beendet jetzt!
[153] beendet jetzt!
[156] beendet jetzt!
[157] beendet jetzt!
[158] beendet jetzt!
[160] beendet jetzt!
[161] beendet jetzt!
[162] beendet jetzt!
[163] beendet jetzt!
[164] beendet jetzt!
[165] beendet jetzt!
[166] beendet jetzt!
[167] beendet jetzt!
[154] beendet jetzt!
[155] beendet jetzt!
[159] beendet jetzt!
