Starting Gauss-Seidel with Term_Precision 4 Processes 

0.000000000000 0.000000000000 0.000000000000 0.000000000000 0.000000000000 0.000000000000 0.000000000000 0.000000000000 0.000000000000 
0.000000000000 0.000001362662 0.000002520592 0.000003294784 0.000003567376 0.000003296867 0.000002524439 0.000001367689 0.000000000000 
0.000000000000 0.000002520592 0.000004662484 0.000006094556 0.000006598786 0.000006098411 0.000004669609 0.000002529900 0.000000000000 Berechnungszeit:    0.224855 s 
Speicherbedarf:     32.281868 MiB
Berechnungsmethode: Gauß-Seidel
Interlines:         256
Stoerfunktion:      f(x,y) = 2pi^2*sin(pi*x)sin(pi*y)
Terminierung:       Hinreichende Genaugkeit
Anzahl Iterationen: 4
Norm des Fehlers:   2.334799e-06


0.000000000000 0.000003294784 0.000006094556 0.000007966486 0.000008625591 0.000007971528 0.000006103872 0.000003306957 0.000000000000 
0.000000000000 0.000003567376 0.000006598786 0.000008625591 0.000009339228 0.000008631052 0.000006608877 0.000003580560 0.000000000000 
0.000000000000 0.000003296867 0.000006098411 0.000007971528 0.000008631052 0.000007976577 0.000006107740 0.000003309055 0.000000000000 
0.000000000000 0.000002524439 0.000004669609 0.000006103872 0.000006608877 0.000006107740 0.000004676755 0.000002533776 0.000000000000 
0.000000000000 0.000001367689 0.000002529900 0.000003306957 0.000003580560 0.000003309055 0.000002533776 0.000001372753 0.000000000000 
0.000000000000 0.000000000000 0.000000000000 0.000000000000 0.000000000000 0.000000000000 0.000000000000 0.000000000000 0.000000000000 



0.000000000000 0.000000000000 0.000000000000 0.000000000000 0.000000000000 0.000000000000 0.000000000000 0.000000000000 0.000000000000 
0.000000000000 0.000001362662 0.000002520592 0.000003294784 0.000003567376 0.000003296867 0.000002524439 0.000001367689 0.000000000000 
0.000000000000 0.000002520592 0.000004662484 0.000006094556 0.000006598786 0.000006098411 Berechnungszeit:    0.224832 s 
Speicherbedarf:     32.281868 MiB
Berechnungsmethode: Gauß-Seidel
Interlines:         256
Stoerfunktion:      f(x,y) = 2pi^2*sin(pi*x)sin(pi*y)
Terminierung:       Hinreichende Genaugkeit
Anzahl Iterationen: 4
Norm des Fehlers:   2.334799e-06

0.000004669609 0.000002529900 0.000000000000 
0.000000000000 0.000003294784 0.000006094556 0.000007966486 0.000008625591 0.000007971528 0.000006103872 0.000003306957 0.000000000000 
0.000000000000 0.000003567376 0.000006598786 0.000008625591 0.000009339228 0.000008631052 0.000006608877 0.000003580560 0.000000000000 
0.000000000000 0.000003296867 0.000006098411 0.000007971528 0.000008631052 0.000007976577 0.000006107740 0.000003309055 0.000000000000 
0.000000000000 0.000002524439 0.000004669609 0.000006103872 0.000006608877 0.000006107740 0.000004676755 0.000002533776 0.000000000000 
0.000000000000 0.000001367689 0.000002529900 0.000003306957 0.000003580560 0.000003309055 0.000002533776 0.000001372753 0.000000000000 
0.000000000000 0.000000000000 0.000000000000 0.000000000000 0.000000000000 0.000000000000 0.000000000000 0.000000000000 0.000000000000 



0.000000000000 0.000000000000 0.000000000000 0.000000000000 0.000000000000 0.000000000000 0.000000000000 0.000000000000 0.000000000000 
0.000000000000 0.000001362662 0.000002520592 0.000003294784 0.000003567376 0.000003296867 0.000002524439 Berechnungszeit:    0.225249 s 
Speicherbedarf:     32.281868 MiB
Berechnungsmethode: Gauß-Seidel
Interlines:         256
Stoerfunktion:      f(x,y) = 2pi^2*sin(pi*x)sin(pi*y)
Terminierung:       Hinreichende Genaugkeit
Anzahl Iterationen: 4
Norm des Fehlers:   2.334799e-06

0.000001367689 0.000000000000 
0.000000000000 0.000002520592 0.000004662484 0.000006094556 0.000006598786 0.000006098411 0.000004669609 0.000002529900 0.000000000000 
0.000000000000 0.000003294784 0.000006094556 0.000007966486 0.000008625591 0.000007971528 0.000006103872 0.000003306957 0.000000000000 
0.000000000000 0.000003567376 0.000006598786 0.000008625591 0.000009339228 0.000008631052 0.000006608877 0.000003580560 0.000000000000 
0.000000000000 0.000003296867 0.000006098411 0.000007971528 0.000008631052 0.000007976577 0.000006107740 0.000003309055 0.000000000000 
0.000000000000 0.000002524439 0.000004669609 0.000006103872 0.000006608877 0.000006107740 0.000004676755 0.000002533776 0.000000000000 
0.000000000000 0.000001367689 0.000002529900 0.000003306957 0.000003580560 0.000003309055 0.000002533776 0.000001372753 0.000000000000 
0.000000000000 0.000000000000 0.000000000000 0.000000000000 0.000000000000 0.000000000000 0.000000000000 0.000000000000 0.000000000000 



0.000000000000 0.000000000000 0.000000000000 0.000000000000 0.000000000000 0.000000000000 0.000000000000 0.000000000000 0.000000000000 
0.000000000000 0.000001362662 0.000002520592 0.000003294784 0.000003567376 Berechnungszeit:    0.223272 s 
Speicherbedarf:     32.281868 MiB
Berechnungsmethode: Gauß-Seidel
Interlines:         256
Stoerfunktion:      f(x,y) = 2pi^2*sin(pi*x)sin(pi*y)
Terminierung:       Hinreichende Genaugkeit
Anzahl Iterationen: 4
Norm des Fehlers:   2.334799e-06

0.000003296867 0.000002524439 0.000001367689 0.000000000000 
0.000000000000 0.000002520592 0.000004662484 0.000006094556 0.000006598786 0.000006098411 0.000004669609 0.000002529900 0.000000000000 
0.000000000000 0.000003294784 0.000006094556 0.000007966486 0.000008625591 0.000007971528 0.000006103872 0.000003306957 0.000000000000 
0.000000000000 0.000003567376 0.000006598786 0.000008625591 0.000009339228 0.000008631052 0.000006608877 0.000003580560 0.000000000000 
0.000000000000 0.000003296867 0.000006098411 0.000007971528 0.000008631052 0.000007976577 0.000006107740 0.000003309055 0.000000000000 
0.000000000000 0.000002524439 0.000004669609 0.000006103872 0.000006608877 0.000006107740 0.000004676755 0.000002533776 0.000000000000 
0.000000000000 0.000001367689 0.000002529900 0.000003306957 0.000003580560 0.000003309055 0.000002533776 0.000001372753 0.000000000000 
0.000000000000 0.000000000000 0.000000000000 0.000000000000 0.000000000000 0.000000000000 0.000000000000 0.000000000000 0.000000000000 



0.000000000000 0.000000000000 0.000000000000 0.000000000000 0.000000000000 0.000000000000 0.000000000000 0.000000000000 0.000000000000 
0.000000000000 0.000001362662 0.000002520592 0.000003294784 0.000003567376 0.000003296867 0.000002524439 0.000001367689 0.000000000000 
Berechnungszeit:    0.238282 s 
Speicherbedarf:     32.281868 MiB
Berechnungsmethode: Gauß-Seidel
Interlines:         256
Stoerfunktion:      f(x,y) = 2pi^2*sin(pi*x)sin(pi*y)
Terminierung:       Hinreichende Genaugkeit
Anzahl Iterationen: 4
Norm des Fehlers:   2.334799e-06

0.000000000000 0.000002520592 0.000004662484 0.000006094556 0.000006598786 0.000006098411 0.000004669609 0.000002529900 0.000000000000 
0.000000000000 0.000003294784 0.000006094556 0.000007966486 0.000008625591 0.000007971528 0.000006103872 0.000003306957 0.000000000000 
0.000000000000 0.000003567376 0.000006598786 0.000008625591 0.000009339228 0.000008631052 0.000006608877 0.000003580560 0.000000000000 
0.000000000000 0.000003296867 0.000006098411 0.000007971528 0.000008631052 0.000007976577 0.000006107740 0.000003309055 0.000000000000 
0.000000000000 0.000002524439 0.000004669609 0.000006103872 0.000006608877 0.000006107740 0.000004676755 0.000002533776 0.000000000000 
0.000000000000 0.000001367689 0.000002529900 0.000003306957 0.000003580560 0.000003309055 0.000002533776 0.000001372753 0.000000000000 
0.000000000000 0.000000000000 0.000000000000 0.000000000000 0.000000000000 0.000000000000 0.000000000000 0.000000000000 0.000000000000 



0.000000000000 0.000000000000 0.000000000000 0.000000000000 0.000000000000 0.000000000000 0.000000000000 0.000000000000 0.000000000000 
0.000000000000 0.000001362662 0.000002520592 0.000003294784 0.000003567376 0.000003296867 0.000002524439 0.000001367689 0.000000000000 
0.000000000000 0.000002520592 0.000004662484 0.000006094556 0.000006598786 0.000006098411 0.000004669609 Berechnungszeit:    0.223186 s 
Speicherbedarf:     32.281868 MiB
Berechnungsmethode: Gauß-Seidel
Interlines:         256
Stoerfunktion:      f(x,y) = 2pi^2*sin(pi*x)sin(pi*y)
Terminierung:       Hinreichende Genaugkeit
Anzahl Iterationen: 4
Norm des Fehlers:   2.334799e-06

0.000002529900 0.000000000000 
0.000000000000 0.000003294784 0.000006094556 0.000007966486 0.000008625591 0.000007971528 0.000006103872 0.000003306957 0.000000000000 
0.000000000000 0.000003567376 0.000006598786 0.000008625591 0.000009339228 0.000008631052 0.000006608877 0.000003580560 0.000000000000 
0.000000000000 0.000003296867 0.000006098411 0.000007971528 0.000008631052 0.000007976577 0.000006107740 0.000003309055 0.000000000000 
0.000000000000 0.000002524439 0.000004669609 0.000006103872 0.000006608877 0.000006107740 0.000004676755 0.000002533776 0.000000000000 
0.000000000000 0.000001367689 0.000002529900 0.000003306957 0.000003580560 0.000003309055 0.000002533776 0.000001372753 0.000000000000 
0.000000000000 0.000000000000 0.000000000000 0.000000000000 0.000000000000 0.000000000000 0.000000000000 0.000000000000 0.000000000000 

Starting Gauss-Seidel with Term_Precision 4 Processes 

Berechnungszeit:    0.122434 s 
Speicherbedarf:     32.281868 MiB
Berechnungsmethode: Gauß-Seidel
Interlines:         256
Stoerfunktion:      f(x,y) = 2pi^2*sin(pi*x)sin(pi*y)
Terminierung:       Hinreichende Genaugkeit
Anzahl Iterationen: 1
Norm des Fehlers:   2.334815e-06

Matrix:
0.000000000000 0.000000000000 0.000000000000 0.000000000000 0.000000000000 0.000000000000 0.000000000000 0.000000000000 0.000000000000 
0.000000000000 0.000000340667 0.000000630150 0.000000823699 0.000000891847 0.000000824220 0.000000631112 0.000000341923 0.000000000000 
0.000000000000 0.000000630150 0.000001165625 0.000001523644 0.000001649702 0.000001524608 0.000001167406 0.000000632477 0.000000000000 
0.000000000000 0.000000823699 0.000001523644 0.000001991628 0.000002156405 0.000001992889 0.000001525973 0.000000826742 0.000000000000 
0.000000000000 0.000000891847 0.000001649702 0.000002156405 0.000002334815 0.000002157771 0.000001652225 0.000000895143 0.000000000000 
0.000000000000 0.000000824220 0.000001524608 0.000001992889 0.000002157771 0.000001994151 0.000001526940 0.000000827267 0.000000000000 
0.000000000000 0.000000631112 0.000001167406 0.000001525973 0.000001652225 0.000001526940 0.000001169193 0.000000633446 0.000000000000 
0.000000000000 0.000000341923 0.000000632477 0.000000826742 0.000000895143 0.000000827267 0.000000633446 0.000000343189 0.000000000000 
0.000000000000 0.000000000000 0.000000000000 0.000000000000 0.000000000000 0.000000000000 0.000000000000 0.000000000000 0.000000000000 


0.000000000000 0.000000000000 0.000000000000 0.000000000000 0.000000000000 0.000000000000 0.000000000000 0.000000000000 0.000000000000 
0.000000000000 0.000000681333 0.000001260299 0.000001647396 0.000001783692 0.000001648437 0.000001262223 0.000000683846 0.000000000000 
0.000000000000 0.000001260299 Berechnungszeit:    0.194720 s 
Speicherbedarf:     32.281868 MiB
Berechnungsmethode: Gauß-Seidel
Interlines:         256
Stoerfunktion:      f(x,y) = 2pi^2*sin(pi*x)sin(pi*y)
Terminierung:       Hinreichende Genaugkeit
Anzahl Iterationen: 2
Norm des Fehlers:   2.334810e-06

0.000000000000 0.000001648437 0.000003049213 0.000003985773 0.000004315536 0.000003988298 0.000003053877 0.000001654531 0.000000000000 
0.000000000000 0.000001262223 0.000002334810 0.000003051943 0.000003304446 0.000003053877 0.000002338383 0.000001266891 0.000000000000 
0.000000000000 0.000000683846 0.000001264953 0.000001653482 0.000001790284 0.000001654531 0.000001266891 0.000000686378 0.000002331248 0.000003047285 0.000003299401 0.000003049213 0.000002334810 0.000001264953 0.000000000000 
0.000000000000 0.000001647396 0.000003047285 0.000003983252 0.000004312806 0.000003985773 0.000003051943 0.000001653482 0.000000000000 
0.000000000000 0.000001783692 0.000003299401 0.000004312806 0.000004669625 0.000004315536 0.000003304446 0.000001790284 0.000000000000 
0.000000000000 
0.000000000000 0.000000000000 0.000000000000 0.000000000000 0.000000000000 0.000000000000 0.000000000000 0.000000000000 0.000000000000 



0.000000000000 0.000000000000 0.000000000000 0.000000000000 0.000000000000 0.000000000000 0.000000000000 0.000000000000 0.000000000000 
0.000000000000 0.000001021998 0.000001890446 0.000002471091 0.000002675535 0.000002472653 0.000001893332 0.000001025768 0.000000000000 
0.000000000000 0.000001890446 Berechnungszeit:    0.211543 s 
Speicherbedarf:     32.281868 MiB
Berechnungsmethode: Gauß-Seidel
Interlines:         256
Stoerfunktion:      f(x,y) = 2pi^2*sin(pi*x)sin(pi*y)
Terminierung:       Hinreichende Genaugkeit
Anzahl Iterationen: 3
Norm des Fehlers:   2.334804e-06

0.000003496867 0.000004570922 0.000004949095 0.000004573814 0.000003502211 0.000001897427 0.000000000000 
0.000000000000 0.000002471091 0.000004570922 0.000005974872 0.000006469201 0.000005978653 0.000004577910 0.000002480221 0.000000000000 
0.000000000000 0.000002675535 0.000004949095 0.000006469201 0.000007004429 0.000006473297 0.000004956663 0.000002685423 0.000000000000 
0.000000000000 0.000002472653 0.000004573814 0.000005978653 0.000006473297 0.000005982440 0.000004580810 0.000002481794 0.000000000000 
0.000000000000 0.000001893332 0.000003502211 0.000004577910 0.000004956663 0.000004580810 0.000003507570 0.000001900334 0.000000000000 
0.000000000000 0.000001025768 0.000001897427 0.000002480221 0.000002685423 0.000002481794 0.000001900334 0.000001029566 0.000000000000 
0.000000000000 0.000000000000 0.000000000000 0.000000000000 0.000000000000 0.000000000000 0.000000000000 0.000000000000 0.000000000000 



0.000000000000 0.000000000000 0.000000000000 0.000000000000 0.000000000000 0.000000000000 0.000000000000 0.000000000000 0.000000000000 
0.000000000000 0.000001362662 0.000002520592 0.000003294784 0.000003567376 0.000003296867 0.000002524439 0.000001367689 0.000000000000 
0.000000000000 0.000002520592 0.000004662484 0.000006094556 Berechnungszeit:    0.222981 s 
Speicherbedarf:     32.281868 MiB
Berechnungsmethode: Gauß-Seidel
Interlines:         256
Stoerfunktion:      f(x,y) = 2pi^2*sin(pi*x)sin(pi*y)
Terminierung:       Hinreichende Genaugkeit
Anzahl Iterationen: 4
Norm des Fehlers:   2.334799e-06

0.000000000000 0.000001367689 0.000002529900 0.000003306957 0.000003580560 0.000006598786 0.000006098411 0.000004669609 0.000002529900 0.000000000000 
0.000000000000 0.000003294784 0.000006094556 0.000007966486 0.000008625591 0.000007971528 0.000006103872 0.000003306957 0.000000000000 
0.000000000000 0.000003567376 0.000006598786 0.000008625591 0.000009339228 0.000008631052 0.000006608877 0.000003580560 0.000000000000 
0.000000000000 0.000003296867 0.000006098411 0.000007971528 0.000008631052 0.000007976577 0.000006107740 0.000003309055 0.000000000000 
0.000000000000 0.000002524439 0.000004669609 0.000006103872 0.000006608877 0.000006107740 0.000004676755 0.000002533776 0.000000000000 
0.000003309055 0.000002533776 0.000001372753 0.000000000000 
0.000000000000 0.000000000000 0.000000000000 0.000000000000 0.000000000000 0.000000000000 0.000000000000 0.000000000000 0.000000000000 



0.000000000000 0.000000000000 0.000000000000 0.000000000000 0.000000000000 0.000000000000 0.000000000000 0.000000000000 0.000000000000 
0.000000000000 0.000001703326 0.000003150736 0.000004118476 0.000004459215 0.000004121078 0.000003155545 Berechnungszeit:    0.230690 s 
Speicherbedarf:     32.281868 MiB
Berechnungsmethode: Gauß-Seidel
Interlines:         256
Stoerfunktion:      f(x,y) = 2pi^2*sin(pi*x)sin(pi*y)
Terminierung:       Hinreichende Genaugkeit
Anzahl Iterationen: 5
Norm des Fehlers:   2.334793e-06

0.000001709609 0.000000000000 
0.000000000000 0.000003150736 0.000005828099 0.000007618186 0.000008248473 0.000007623005 0.000005837004 0.000003162372 0.000000000000 
0.000000000000 0.000004118476 0.000007618186 0.000009958096 0.000010781976 0.000009964399 0.000007629831 0.000004133692 0.000000000000 
0.000000000000 0.000004459215 0.000008248473 0.000010781976 0.000011674021 0.000010788803 0.000008261086 0.000004475695 0.000000000000 
0.000000000000 0.000004121078 0.000007623005 0.000009964399 0.000010788803 0.000009970709 0.000007634666 0.000004136314 0.000000000000 
0.000000000000 0.000003155545 0.000005837004 0.000007629831 0.000008261086 0.000007634666 0.000005845936 0.000003167216 0.000000000000 
0.000000000000 0.000001709609 0.000003162372 0.000004133692 0.000004475695 0.000004136314 0.000003167216 0.000001715939 0.000000000000 
0.000000000000 0.000000000000 0.000000000000 0.000000000000 0.000000000000 0.000000000000 0.000000000000 0.000000000000 0.000000000000 



0.000000000000 0.000000000000 0.000000000000 0.000000000000 0.000000000000 0.000000000000 0.000000000000 0.000000000000 0.000000000000 
0.000000000000 0.000002043989 0.000003780879 0.000004942165 0.000005351051 0.000004945288 0.000003786650 0.000002051529 0.000000000000 
Berechnungszeit:    0.239803 s 
Speicherbedarf:     32.281868 MiB
Berechnungsmethode: Gauß-Seidel
Interlines:         256
Stoerfunktion:      f(x,y) = 2pi^2*sin(pi*x)sin(pi*y)
Terminierung:       Hinreichende Genaugkeit
Anzahl Iterationen: 6
Norm des Fehlers:   2.334788e-06

0.000000000000 0.000003780879 0.000006993710 0.000009141812 0.000009898156 0.000009147596 0.000007004397 0.000003794842 0.000000000000 
0.000000000000 0.000004942165 0.000009141812 0.000011949701 0.000012938357 0.000011957264 0.000009155787 0.000004960424 0.000000000000 
0.000000000000 0.000005351051 0.000009898156 0.000012938357 0.000014008809 0.000012946548 0.000009913292 0.000005370827 0.000000000000 
0.000000000000 0.000004945288 0.000009147596 0.000011957264 0.000012946548 0.000011964837 0.000009161588 0.000004963571 0.000000000000 
0.000000000000 0.000003786650 0.000007004397 0.000009155787 0.000009913292 0.000009161588 0.000007015116 0.000003800655 0.000000000000 
0.000000000000 0.000002051529 0.000003794842 0.000004960424 0.000005370827 0.000004963571 0.000003800655 0.000002059125 0.000000000000 
0.000000000000 0.000000000000 0.000000000000 0.000000000000 0.000000000000 0.000000000000 0.000000000000 0.000000000000 0.000000000000 



0.000000000000 0.000000000000 0.000000000000 0.000000000000 0.000000000000 0.000000000000 0.000000000000 0.000000000000 0.000000000000 
0.000000000000 0.000002384651 0.000004411021 0.000005765853 0.000006242886 0.000005769496 0.000004417753 0.000002393447 0.000000000000 
Berechnungszeit:    0.264504 s 
Speicherbedarf:     32.281868 MiB
Berechnungsmethode: Gauß-Seidel
Interlines:         256
Stoerfunktion:      f(x,y) = 2pi^2*sin(pi*x)sin(pi*y)
Terminierung:       Hinreichende Genaugkeit
Anzahl Iterationen: 7
Norm des Fehlers:   2.334782e-06

0.000000000000 0.000004411021 0.000008159319 0.000010665435 0.000011547835 0.000010672182 0.000008171786 0.000004427310 0.000000000000 
0.000000000000 0.000005765853 0.000010665435 0.000013941302 0.000015094732 0.000013950125 0.000010681739 0.000005787155 0.000000000000 
0.000000000000 0.000006242886 0.000011547835 0.000015094732 0.000016343592 0.000015104288 0.000011565494 0.000006265958 0.000000000000 
0.000000000000 0.000005769496 0.000010672182 0.000013950125 0.000015104288 0.000013958960 0.000010688507 0.000005790826 0.000000000000 
0.000000000000 0.000004417753 0.000008171786 0.000010681739 0.000011565494 0.000010688507 0.000008184292 0.000004434093 0.000000000000 
0.000000000000 0.000002393447 0.000004427310 0.000005787155 0.000006265958 0.000005790826 0.000004434093 0.000002402309 0.000000000000 
0.000000000000 0.000000000000 0.000000000000 0.000000000000 0.000000000000 0.000000000000 0.000000000000 0.000000000000 0.000000000000 



0.000000000000 0.000000000000 0.000000000000 0.000000000000 0.000000000000 0.000000000000 0.000000000000 0.000000000000 0.000000000000 
0.000000000000 0.000002725312 0.000005041160 0.000006589538 0.000007134718 Berechnungszeit:    0.300055 s 
Speicherbedarf:     32.281868 MiB
Berechnungsmethode: Gauß-Seidel
Interlines:         256
Stoerfunktion:      f(x,y) = 2pi^2*sin(pi*x)sin(pi*y)
Terminierung:       Hinreichende Genaugkeit
Anzahl Iterationen: 8
Norm des Fehlers:   2.334777e-06

0.000006593702 0.000005048855 0.000002735365 0.000000000000 
0.000000000000 0.000005041160 0.000009324925 0.000012189054 0.000013197511 0.000012196766 0.000009339174 0.000005059777 0.000000000000 
0.000000000000 0.000006589538 0.000012189054 0.000015932898 0.000017251102 0.000015942982 0.000012207688 0.000006613884 0.000000000000 
0.000000000000 0.000007134718 0.000013197511 0.000017251102 0.000018678369 0.000017262024 0.000013217692 0.000007161086 0.000000000000 
0.000000000000 0.000006593702 0.000012196766 0.000015942982 0.000017262024 0.000015953079 0.000012215422 0.000006618079 0.000000000000 
0.000000000000 0.000005048855 0.000009339174 0.000012207688 0.000013217692 0.000012215422 0.000009353466 0.000005067528 0.000000000000 
0.000000000000 0.000002735365 0.000005059777 0.000006613884 0.000007161086 0.000006618079 0.000005067528 0.000002745493 0.000000000000 
0.000000000000 0.000000000000 0.000000000000 0.000000000000 0.000000000000 0.000000000000 0.000000000000 0.000000000000 0.000000000000 



Berechnungszeit:    0.341587 s 
Speicherbedarf:     32.281868 MiB
Berechnungsmethode: Gauß-Seidel
Interlines:         256
Stoerfunktion:      f(x,y) = 2pi^2*sin(pi*x)sin(pi*y)
Terminierung:       Hinreichende Genaugkeit
Anzahl Iterationen: 9
Norm des Fehlers:   2.334772e-06

0.000000000000 0.000000000000 0.000000000000 0.000000000000 0.000000000000 0.000000000000 0.000000000000 0.000000000000 0.000000000000 
0.000000000000 0.000003065972 0.000005671299 0.000007413222 0.000008026549 0.000007417907 0.000005679955 0.000003077282 0.000000000000 
0.000000000000 0.000005671299 0.000010490529 0.000013712670 0.000014847182 0.000013721345 0.000010506558 0.000005692242 0.000000000000 
0.000000000000 0.000007413222 0.000013712670 0.000017924489 0.000019407467 0.000017935834 0.000013733633 0.000007440610 0.000000000000 
0.000000000000 0.000008026549 0.000014847182 0.000019407467 0.000021013140 0.000019419754 0.000014869886 0.000008056213 0.000000000000 
0.000000000000 0.000007417907 0.000013721345 0.000017935834 0.000019419754 0.000017947193 0.000013742334 0.000007445330 0.000000000000 
0.000000000000 0.000005679955 0.000010506558 0.000013733633 0.000014869886 0.000013742334 0.000010522636 0.000005700963 0.000000000000 
0.000000000000 0.000003077282 0.000005692242 0.000007440610 0.000008056213 0.000007445330 0.000005700963 0.000003088676 0.000000000000 
0.000000000000 0.000000000000 0.000000000000 0.000000000000 0.000000000000 0.000000000000 0.000000000000 0.000000000000 0.000000000000 



Berechnungszeit:    0.330078 s 
Speicherbedarf:     32.281868 MiB
Berechnungsmethode: Gauß-Seidel
Interlines:         256
Stoerfunktion:      f(x,y) = 2pi^2*sin(pi*x)sin(pi*y)
Terminierung:       Hinreichende Genaugkeit
Anzahl Iterationen: 10
Norm des Fehlers:   2.334766e-06

0.000000000000 0.000000000000 0.000000000000 0.000000000000 0.000000000000 0.000000000000 0.000000000000 0.000000000000 0.000000000000 
0.000000000000 0.000003406632 0.000006301436 0.000008236903 0.000008918377 0.000008242109 0.000006311054 0.000003419198 0.000000000000 
0.000000000000 0.000006301436 0.000011656129 0.000015236283 0.000016496850 0.000015245921 0.000011673940 0.000006324706 0.000000000000 
0.000000000000 0.000008236903 0.000015236283 0.000019916076 0.000021563827 0.000019928681 0.000015259574 0.000008267335 0.000000000000 
0.000000000000 0.000008918377 0.000016496850 0.000021563827 0.000023347907 0.000021577479 0.000016522076 0.000008951337 0.000000000000 
0.000000000000 0.000008242109 0.000015245921 0.000019928681 0.000021577479 0.000019941302 0.000015269242 0.000008272579 0.000000000000 
0.000000000000 0.000006311054 0.000011673940 0.000015259574 0.000016522076 0.000015269242 0.000011691805 0.000006334396 0.000000000000 
0.000000000000 0.000003419198 0.000006324706 0.000008267335 0.000008951337 0.000008272579 0.000006334396 0.000003431858 0.000000000000 
0.000000000000 0.000000000000 0.000000000000 0.000000000000 0.000000000000 0.000000000000 0.000000000000 0.000000000000 0.000000000000 



Berechnungszeit:    0.353155 s 
Speicherbedarf:     32.281868 MiB
Berechnungsmethode: Gauß-Seidel
Interlines:         256
Stoerfunktion:      f(x,y) = 2pi^2*sin(pi*x)sin(pi*y)
Terminierung:       Hinreichende Genaugkeit
Anzahl Iterationen: 11
Norm des Fehlers:   2.334761e-06

0.000000000000 0.000000000000 0.000000000000 0.000000000000 0.000000000000 0.000000000000 0.000000000000 0.000000000000 0.000000000000 
0.000000000000 0.000003747291 0.000006931571 0.000009060583 0.000009810203 0.000009066309 0.000006942151 0.000003761114 0.000000000000 
0.000000000000 0.000006931571 0.000012821727 0.000016759891 0.000018146514 0.000016770494 0.000012841319 0.000006957169 0.000000000000 
0.000000000000 0.000009060583 0.000016759891 0.000021907658 0.000023720182 0.000021921523 0.000016785512 0.000009094058 0.000000000000 
0.000000000000 0.000009810203 0.000018146514 0.000023720182 0.000025682667 0.000023735199 0.000018174263 0.000009846459 0.000000000000 
0.000000000000 0.000009066309 0.000016770494 0.000021921523 0.000023735199 0.000021935407 0.000016796147 0.000009099826 0.000000000000 
0.000000000000 0.000006942151 0.000012841319 0.000016785512 0.000018174263 0.000016796147 0.000012860970 0.000006967827 0.000000000000 
0.000000000000 0.000003761114 0.000006957169 0.000009094058 0.000009846459 0.000009099826 0.000006967827 0.000003775040 0.000000000000 
0.000000000000 0.000000000000 0.000000000000 0.000000000000 0.000000000000 0.000000000000 0.000000000000 0.000000000000 0.000000000000 



Berechnungszeit:    0.357795 s 
Speicherbedarf:     32.281868 MiB
Berechnungsmethode: Gauß-Seidel
Interlines:         256
Stoerfunktion:      f(x,y) = 2pi^2*sin(pi*x)sin(pi*y)
Terminierung:       Hinreichende Genaugkeit
Anzahl Iterationen: 12
Norm des Fehlers:   2.334755e-06

0.000000000000 0.000000000000 0.000000000000 0.000000000000 0.000000000000 0.000000000000 0.000000000000 0.000000000000 0.000000000000 
0.000000000000 0.000004087949 0.000007561705 0.000009884261 0.000010702028 0.000009890507 0.000007573247 0.000004103029 0.000000000000 
0.000000000000 0.000007561705 0.000013987322 0.000018283496 0.000019796174 0.000018295063 0.000014008695 0.000007589630 0.000000000000 
0.000000000000 0.000009884261 0.000018283496 0.000023899235 0.000025876532 0.000023914361 0.000018311446 0.000009920779 0.000000000000 
0.000000000000 0.000010702028 0.000019796174 0.000025876532 0.000028017423 0.000025892915 0.000019826445 0.000010741579 0.000000000000 
0.000000000000 0.000009890507 0.000018295063 0.000023914361 0.000025892915 0.000023929507 0.000018323048 0.000009927071 0.000000000000 
0.000000000000 0.000007573247 0.000014008695 0.000018311446 0.000019826445 0.000018323048 0.000014030133 0.000007601257 0.000000000000 
0.000000000000 0.000004103029 0.000007589630 0.000009920779 0.000010741579 0.000009927071 0.000007601257 0.000004118220 0.000000000000 
0.000000000000 0.000000000000 0.000000000000 0.000000000000 0.000000000000 0.000000000000 0.000000000000 0.000000000000 0.000000000000 

