Starting Gauss-Seidel with Term_Iteration

Starting Gauss-Seidel with Term_Precision

0.000000000000 0.000000000000 0.000000000000 0.000000000000 0.000000000000 0.000000000000 0.000000000000 0.000000000000 0.000000000000 
0.000000000000 0.000001362662 0.000002520592 0.000003294784 0.000003567376 0.000003296867 0.000002524439 0.000001367689 0.000000000000 
0.000000000000 0.000002520592 0.000004662484 0.000006094556 0.000006598786 0.000006098411 Berechnungszeit:    0.223421 s 
Speicherbedarf:     32.281868 MiB
Berechnungsmethode: Gauß-Seidel
Interlines:         256
Stoerfunktion:      f(x,y) = 2pi^2*sin(pi*x)sin(pi*y)
Terminierung:       Hinreichende Genaugkeit
Anzahl Iterationen: 4
Norm des Fehlers:   2.334799e-06

0.000004669609 0.000002529900 0.000000000000 
0.000000000000 0.000003294784 0.000006094556 0.000007966486 0.000008625591 0.000007971528 0.000006103872 0.000003306957 0.000000000000 
0.000000000000 0.000003567376 0.000006598786 0.000008625591 0.000009339228 0.000008631052 0.000006608877 0.000003580560 0.000000000000 
0.000000000000 0.000003296867 0.000006098411 0.000007971528 0.000008631052 0.000007976577 0.000006107740 0.000003309055 0.000000000000 
0.000000000000 0.000002524439 0.000004669609 0.000006103872 0.000006608877 0.000006107740 0.000004676755 0.000002533776 0.000000000000 
0.000000000000 0.000001367689 0.000002529900 0.000003306957 0.000003580560 0.000003309055 0.000002533776 0.000001372753 0.000000000000 
0.000000000000 0.000000000000 0.000000000000 0.000000000000 0.000000000000 0.000000000000 0.000000000000 0.000000000000 0.000000000000 



0.000000000000 0.000000000000 0.000000000000 0.000000000000 0.000000000000 0.000000000000 0.000000000000 0.000000000000 0.000000000000 
0.000000000000 0.000001362662 0.000002520592 0.000003294784 0.000003567376 0.000003296867 0.000002524439 0.000001367689 0.000000000000 
0.000000000000 0.000002520592 0.000004662484 0.000006094556 0.000006598786 0.000006098411 0.000004669609 0.000002529900 0.000000000000 
Berechnungszeit:    0.223804 s 
Speicherbedarf:     32.281868 MiB
Berechnungsmethode: Gauß-Seidel
Interlines:         256
Stoerfunktion:      f(x,y) = 2pi^2*sin(pi*x)sin(pi*y)
Terminierung:       Hinreichende Genaugkeit
Anzahl Iterationen: 4
Norm des Fehlers:   2.334799e-06

0.000000000000 0.000003294784 0.000006094556 0.000007966486 0.000008625591 0.000007971528 0.000006103872 0.000003306957 0.000000000000 
0.000000000000 0.000003567376 0.000006598786 0.000008625591 0.000009339228 0.000008631052 0.000006608877 0.000003580560 0.000000000000 
0.000000000000 0.000003296867 0.000006098411 0.000007971528 0.000008631052 0.000007976577 0.000006107740 0.000003309055 0.000000000000 
0.000000000000 0.000002524439 0.000004669609 0.000006103872 0.000006608877 0.000006107740 0.000004676755 0.000002533776 0.000000000000 
0.000000000000 0.000001367689 0.000002529900 0.000003306957 0.000003580560 0.000003309055 0.000002533776 0.000001372753 0.000000000000 
0.000000000000 0.000000000000 0.000000000000 0.000000000000 0.000000000000 0.000000000000 0.000000000000 0.000000000000 0.000000000000 



0.000000000000 0.000000000000 0.000000000000 0.000000000000 0.000000000000 0.000000000000 0.000000000000 0.000000000000 0.000000000000 
0.000000000000 0.000001362662 0.000002520592 0.000003294784 0.000003567376 0.000003296867 0.000002524439 0.000001367689 0.000000000000 
0.000000000000 0.000002520592 0.000004662484 0.000006094556 0.000006598786 Berechnungszeit:    0.222138 s 
Speicherbedarf:     32.281868 MiB
Berechnungsmethode: Gauß-Seidel
Interlines:         256
Stoerfunktion:      f(x,y) = 2pi^2*sin(pi*x)sin(pi*y)
Terminierung:       Hinreichende Genaugkeit
Anzahl Iterationen: 4
Norm des Fehlers:   2.334799e-06

0.000006098411 0.000004669609 0.000002529900 0.000000000000 
0.000000000000 0.000003294784 0.000006094556 0.000007966486 0.000008625591 0.000007971528 0.000006103872 0.000003306957 0.000000000000 
0.000000000000 0.000003567376 0.000006598786 0.000008625591 0.000009339228 0.000008631052 0.000006608877 0.000003580560 0.000000000000 
0.000000000000 0.000003296867 0.000006098411 0.000007971528 0.000008631052 0.000007976577 0.000006107740 0.000003309055 0.000000000000 
0.000000000000 0.000002524439 0.000004669609 0.000006103872 0.000006608877 0.000006107740 0.000004676755 0.000002533776 0.000000000000 
0.000000000000 0.000001367689 0.000002529900 0.000003306957 0.000003580560 0.000003309055 0.000002533776 0.000001372753 0.000000000000 
0.000000000000 0.000000000000 0.000000000000 0.000000000000 0.000000000000 0.000000000000 0.000000000000 0.000000000000 0.000000000000 



0.000000000000 0.000000000000 0.000000000000 0.000000000000 0.000000000000 0.000000000000 0.000000000000 0.000000000000 0.000000000000 
0.000000000000 0.000001362662 0.000002520592 0.000003294784 0.000003567376 0.000003296867 0.000002524439 0.000001367689 0.000000000000 
0.000000000000 0.000002520592 0.000004662484 0.000006094556 0.000006598786 Berechnungszeit:    0.223456 s 
Speicherbedarf:     32.281868 MiB
Berechnungsmethode: Gauß-Seidel
Interlines:         256
Stoerfunktion:      f(x,y) = 2pi^2*sin(pi*x)sin(pi*y)
Terminierung:       Hinreichende Genaugkeit
Anzahl Iterationen: 4
Norm des Fehlers:   2.334799e-06

0.000006098411 0.000004669609 0.000002529900 0.000000000000 
0.000000000000 0.000003294784 0.000006094556 0.000007966486 0.000008625591 0.000007971528 0.000006103872 0.000003306957 0.000000000000 
0.000000000000 0.000003567376 0.000006598786 0.000008625591 0.000009339228 0.000008631052 0.000006608877 0.000003580560 0.000000000000 
0.000000000000 0.000003296867 0.000006098411 0.000007971528 0.000008631052 0.000007976577 0.000006107740 0.000003309055 0.000000000000 
0.000000000000 0.000002524439 0.000004669609 0.000006103872 0.000006608877 0.000006107740 0.000004676755 0.000002533776 0.000000000000 
0.000000000000 0.000001367689 0.000002529900 0.000003306957 0.000003580560 0.000003309055 0.000002533776 0.000001372753 0.000000000000 
0.000000000000 0.000000000000 0.000000000000 0.000000000000 0.000000000000 0.000000000000 0.000000000000 0.000000000000 0.000000000000 



0.000000000000 0.000000000000 0.000000000000 0.000000000000 0.000000000000 0.000000000000 0.000000000000 0.000000000000 0.000000000000 
0.000000000000 0.000001362662 0.000002520592 0.000003294784 0.000003567376 0.000003296867 0.000002524439 0.000001367689 Berechnungszeit:    0.222145 s 
Speicherbedarf:     32.281868 MiB
Berechnungsmethode: Gauß-Seidel
Interlines:         256
Stoerfunktion:      f(x,y) = 2pi^2*sin(pi*x)sin(pi*y)
Terminierung:       Hinreichende Genaugkeit
Anzahl Iterationen: 4
Norm des Fehlers:   2.334799e-06

0.000000000000 
0.000000000000 0.000002520592 0.000004662484 0.000006094556 0.000006598786 0.000006098411 0.000004669609 0.000002529900 0.000000000000 
0.000000000000 0.000003294784 0.000006094556 0.000007966486 0.000008625591 0.000007971528 0.000006103872 0.000003306957 0.000000000000 
0.000000000000 0.000003567376 0.000006598786 0.000008625591 0.000009339228 0.000008631052 0.000006608877 0.000003580560 0.000000000000 
0.000000000000 0.000003296867 0.000006098411 0.000007971528 0.000008631052 0.000007976577 0.000006107740 0.000003309055 0.000000000000 
0.000000000000 0.000002524439 0.000004669609 0.000006103872 0.000006608877 0.000006107740 0.000004676755 0.000002533776 0.000000000000 
0.000000000000 0.000001367689 0.000002529900 0.000003306957 0.000003580560 0.000003309055 0.000002533776 0.000001372753 0.000000000000 
0.000000000000 0.000000000000 0.000000000000 0.000000000000 0.000000000000 0.000000000000 0.000000000000 0.000000000000 0.000000000000 



0.000000000000 0.000000000000 0.000000000000 0.000000000000 0.000000000000 0.000000000000 0.000000000000 0.000000000000 0.000000000000 
0.000000000000 0.000001362662 0.000002520592 0.000003294784 0.000003567376 0.000003296867 0.000002524439 0.000001367689 0.000000000000 
0.000000000000 0.000002520592 0.000004662484 0.000006094556 0.000006598786 0.000006098411 0.000004669609 0.000002529900 0.000000000000 
Berechnungszeit:    0.223428 s 
Speicherbedarf:     32.281868 MiB
Berechnungsmethode: Gauß-Seidel
Interlines:         256
Stoerfunktion:      f(x,y) = 2pi^2*sin(pi*x)sin(pi*y)
Terminierung:       Hinreichende Genaugkeit
Anzahl Iterationen: 4
Norm des Fehlers:   2.334799e-06

0.000000000000 0.000003294784 0.000006094556 0.000007966486 0.000008625591 0.000007971528 0.000006103872 0.000003306957 0.000000000000 
0.000000000000 0.000003567376 0.000006598786 0.000008625591 0.000009339228 0.000008631052 0.000006608877 0.000003580560 0.000000000000 
0.000000000000 0.000003296867 0.000006098411 0.000007971528 0.000008631052 0.000007976577 0.000006107740 0.000003309055 0.000000000000 
0.000000000000 0.000002524439 0.000004669609 0.000006103872 0.000006608877 0.000006107740 0.000004676755 0.000002533776 0.000000000000 
0.000000000000 0.000001367689 0.000002529900 0.000003306957 0.000003580560 0.000003309055 0.000002533776 0.000001372753 0.000000000000 
0.000000000000 0.000000000000 0.000000000000 0.000000000000 0.000000000000 0.000000000000 0.000000000000 0.000000000000 0.000000000000 

