Starting Gauss-Seidel with Term_Iteration

/var/lib/slurm-llnl/slurmd/job158670/slurm_script: 9: Gauss: not found
Berechnungszeit:    0.016259 s 
Speicherbedarf:     0.004768 MiB
Berechnungsmethode: Gauß-Seidel
Interlines:         2
Stoerfunktion:      f(x,y) = 2pi^2*sin(pi*x)sin(pi*y)
Terminierung:       Anzahl der Iterationen
Anzahl Iterationen: 1024
Norm des Fehlers:   3.980769e-10

Matrix:
0.000000000000 0.000000000000 0.000000000000 0.000000000000 0.000000000000 0.000000000000 0.000000000000 0.000000000000 0.000000000000 
0.000000000000 0.146655895013 0.270984759633 0.354058651218 0.383230322772 0.354058651670 0.270984760326 0.146655895575 0.000000000000 
0.000000000000 0.270984759633 0.500714546427 0.654215082760 0.708117303340 0.654215083575 0.500714547675 0.270984760646 0.000000000000 
0.000000000000 0.354058651218 0.654215082760 0.854773198737 0.925199843901 0.854773199774 0.654215084348 0.354058652508 0.000000000000 
0.000000000000 0.383230322772 0.708117303340 0.925199843901 1.001429095349 0.925199844995 0.708117305015 0.383230324133 0.000000000000 
0.000000000000 0.354058651670 0.654215083575 0.854773199774 0.925199844995 0.854773200759 0.654215085083 0.354058652895 0.000000000000 
0.000000000000 0.270984760326 0.500714547675 0.654215084348 0.708117305015 0.654215085083 0.500714548800 0.270984761240 0.000000000000 
0.000000000000 0.146655895575 0.270984760646 0.354058652508 0.383230324133 0.354058652895 0.270984761240 0.146655896057 0.000000000000 
0.000000000000 0.000000000000 0.000000000000 0.000000000000 0.000000000000 0.000000000000 0.000000000000 0.000000000000 0.000000000000 


0.000000000000 0.000000000000 0.000000000000 0.000000000000 0.000000000000 0.000000000000 0.000000000000 0.000000000000 0.000000000000 
0.000000000000 0.146655895013 0.270984759633 0.354058651218 0.383230322772 0.354058651670 0.270984760326 0.146655895575 0.000000000000 
0.000000000000 0.270984759633 0.500714546427 0.654215082760 0.708117303340 0.654215083575 0.500714547675 0.270984760646 0.000000000000 
Berechnungszeit:    0.015053 s 
Speicherbedarf:     0.004768 MiB
Berechnungsmethode: Gauß-Seidel
Interlines:         2
Stoerfunktion:      f(x,y) = 2pi^2*sin(pi*x)sin(pi*y)
Terminierung:       Anzahl der Iterationen
Anzahl Iterationen: 1024
Norm des Fehlers:   3.980769e-10

0.000000000000 0.354058651670 0.654215083575 0.854773199774 0.925199844995 0.854773200759 0.654215085083 0.000000000000 0.354058651218 0.654215082760 0.854773198737 0.925199843901 0.854773199774 0.654215084348 0.354058652508 0.000000000000 
0.000000000000 0.383230322772 0.708117303340 0.925199843901 1.001429095349 0.925199844995 0.708117305015 0.383230324133 0.000000000000 
0.354058652895 0.000000000000 
0.000000000000 0.270984760326 0.500714547675 0.654215084348 0.708117305015 0.654215085083 0.500714548800 0.270984761240 0.000000000000 
0.000000000000 0.146655895575 0.270984760646 0.354058652508 0.383230324133 0.354058652895 0.270984761240 0.146655896057 0.000000000000 
0.000000000000 0.000000000000 0.000000000000 0.000000000000 0.000000000000 0.000000000000 0.000000000000 0.000000000000 0.000000000000 



0.000000000000 0.000000000000 0.000000000000 0.000000000000 0.000000000000 0.000000000000 0.000000000000 0.000000000000 0.000000000000 
0.000000000000 0.146655895013 0.270984759633 0.354058651218 0.383230322772 0.354058651670 0.270984760326 0.146655895575 0.000000000000 
0.000000000000 0.270984759633 0.500714546427 0.654215082760 0.708117303340 0.654215083575 0.500714547675 0.270984760646 0.000000000000 
Berechnungszeit:    0.015778 s 
Speicherbedarf:     0.004768 MiB
Berechnungsmethode: Gauß-Seidel
Interlines:         2
Stoerfunktion:      f(x,y) = 2pi^2*sin(pi*x)sin(pi*y)
Terminierung:       Anzahl der Iterationen
Anzahl Iterationen: 1024
Norm des Fehlers:   3.980769e-10

0.000000000000 0.000000000000 0.354058651218 0.654215082760 0.854773198737 0.925199843901 0.854773199774 0.654215084348 0.354058652508 0.000000000000 
0.000000000000 0.383230322772 0.708117303340 0.925199843901 1.001429095349 0.925199844995 0.708117305015 0.383230324133 0.000000000000 
0.000000000000 0.354058651670 0.654215083575 0.854773199774 0.925199844995 0.854773200759 0.654215085083 0.354058652895 0.000000000000 
0.270984760326 0.500714547675 0.654215084348 0.708117305015 0.654215085083 0.500714548800 0.270984761240 0.000000000000 
0.000000000000 0.146655895575 0.270984760646 0.354058652508 0.383230324133 0.354058652895 0.270984761240 0.146655896057 0.000000000000 
0.000000000000 0.000000000000 0.000000000000 0.000000000000 0.000000000000 0.000000000000 0.000000000000 0.000000000000 0.000000000000 



0.000000000000 0.000000000000 0.000000000000 0.000000000000 0.000000000000 0.000000000000 0.000000000000 0.000000000000 0.000000000000 
0.000000000000 0.146655895013 0.270984759633 0.354058651218 0.383230322772 0.354058651670 0.270984760326 0.146655895575 0.000000000000 
0.000000000000 0.270984759633 0.500714546427 0.654215082760 0.708117303340 0.654215083575 0.500714547675 Berechnungszeit:    0.015374 s 
Speicherbedarf:     0.004768 MiB
Berechnungsmethode: Gauß-Seidel
Interlines:         2
Stoerfunktion:      f(x,y) = 2pi^2*sin(pi*x)sin(pi*y)
Terminierung:       Anzahl der Iterationen
Anzahl Iterationen: 1024
Norm des Fehlers:   3.980769e-10

0.270984760646 0.000000000000 
0.000000000000 0.354058651218 0.654215082760 0.854773198737 0.925199843901 0.854773199774 0.654215084348 0.354058652508 0.000000000000 
0.000000000000 0.383230322772 0.708117303340 0.925199843901 1.001429095349 0.925199844995 0.708117305015 0.383230324133 0.000000000000 
0.000000000000 0.354058651670 0.654215083575 0.854773199774 0.925199844995 0.854773200759 0.654215085083 0.354058652895 0.000000000000 
0.000000000000 0.270984760326 0.500714547675 0.654215084348 0.708117305015 0.654215085083 0.500714548800 0.270984761240 0.000000000000 
0.000000000000 0.146655895575 0.270984760646 0.354058652508 0.383230324133 0.354058652895 0.270984761240 0.146655896057 0.000000000000 
0.000000000000 0.000000000000 0.000000000000 0.000000000000 0.000000000000 0.000000000000 0.000000000000 0.000000000000 0.000000000000 



0.000000000000 0.000000000000 0.000000000000 0.000000000000 0.000000000000 0.000000000000 0.000000000000 0.000000000000 0.000000000000 
0.000000000000 0.146655895013 0.270984759633 0.354058651218 0.383230322772 0.354058651670 0.270984760326 0.146655895575 0.000000000000 
Berechnungszeit:    0.022035 s 
Speicherbedarf:     0.004768 MiB
Berechnungsmethode: Gauß-Seidel
Interlines:         2
Stoerfunktion:      f(x,y) = 2pi^2*sin(pi*x)sin(pi*y)
Terminierung:       Anzahl der Iterationen
Anzahl Iterationen: 1024
Norm des Fehlers:   3.980769e-10

0.000000000000 0.270984759633 0.500714546427 0.654215082760 0.708117303340 0.654215083575 0.500714547675 0.270984760646 0.000000000000 
0.000000000000 0.354058651218 0.654215082760 0.854773198737 0.925199843901 0.854773199774 0.654215084348 0.354058652508 0.000000000000 
0.000000000000 0.383230322772 0.708117303340 0.925199843901 1.001429095349 0.925199844995 0.708117305015 0.383230324133 0.000000000000 
0.000000000000 0.354058651670 0.654215083575 0.854773199774 0.925199844995 0.854773200759 0.654215085083 0.354058652895 0.000000000000 
0.000000000000 0.270984760326 0.500714547675 0.654215084348 0.708117305015 0.654215085083 0.500714548800 0.270984761240 0.000000000000 
0.000000000000 0.146655895575 0.270984760646 0.354058652508 0.383230324133 0.354058652895 0.270984761240 0.146655896057 0.000000000000 
0.000000000000 0.000000000000 0.000000000000 0.000000000000 0.000000000000 0.000000000000 0.000000000000 0.000000000000 0.000000000000 



0.000000000000 0.000000000000 0.000000000000 0.000000000000 0.000000000000 0.000000000000 0.000000000000 0.000000000000 0.000000000000 
0.000000000000 0.146655895013 0.270984759633 0.354058651218 0.383230322772 0.354058651670 0.270984760326 0.146655895575 0.000000000000 
Berechnungszeit:    0.022612 s 
Speicherbedarf:     0.004768 MiB
Berechnungsmethode: Gauß-Seidel
Interlines:         2
Stoerfunktion:      f(x,y) = 2pi^2*sin(pi*x)sin(pi*y)
Terminierung:       Anzahl der Iterationen
Anzahl Iterationen: 1024
Norm des Fehlers:   3.980769e-10

0.000000000000 0.270984759633 0.500714546427 0.654215082760 0.708117303340 0.654215083575 0.500714547675 0.270984760646 0.000000000000 
0.000000000000 0.354058651218 0.654215082760 0.854773198737 0.925199843901 0.854773199774 0.654215084348 0.354058652508 0.000000000000 
0.000000000000 0.383230322772 0.708117303340 0.925199843901 1.001429095349 0.925199844995 0.708117305015 0.383230324133 0.000000000000 
0.000000000000 0.354058651670 0.654215083575 0.854773199774 0.925199844995 0.854773200759 0.654215085083 0.354058652895 0.000000000000 
0.000000000000 0.270984760326 0.500714547675 0.654215084348 0.708117305015 0.654215085083 0.500714548800 0.270984761240 0.000000000000 
0.000000000000 0.146655895575 0.270984760646 0.354058652508 0.383230324133 0.354058652895 0.270984761240 0.146655896057 0.000000000000 
0.000000000000 0.000000000000 0.000000000000 0.000000000000 0.000000000000 0.000000000000 0.000000000000 0.000000000000 0.000000000000 



Berechnungszeit:    0.027353 s 
Speicherbedarf:     0.004768 MiB
Berechnungsmethode: Gauß-Seidel
Interlines:         2
Stoerfunktion:      f(x,y) = 2pi^2*sin(pi*x)sin(pi*y)
Terminierung:       Anzahl der Iterationen
0.000000000000 0.000000000000 0.000000000000 0.000000000000 0.000000000000 0.000000000000 0.000000000000 0.000000000000 0.000000000000 
0.000000000000 0.146655895013 0.270984759633 0.354058651218 0.383230322772 0.354058651670 0.270984760326 Anzahl Iterationen: 1024
Norm des Fehlers:   3.980769e-10

0.146655895575 0.000000000000 
0.000000000000 0.270984759633 0.500714546427 0.654215082760 0.708117303340 0.654215083575 0.500714547675 0.270984760646 0.000000000000 
0.000000000000 0.354058651218 0.654215082760 0.854773198737 0.925199843901 0.854773199774 0.654215084348 0.354058652508 0.000000000000 
0.000000000000 0.383230322772 0.708117303340 0.925199843901 1.001429095349 0.925199844995 0.708117305015 0.383230324133 0.000000000000 
0.000000000000 0.354058651670 0.654215083575 0.854773199774 0.925199844995 0.854773200759 0.654215085083 0.354058652895 0.000000000000 
0.000000000000 0.270984760326 0.500714547675 0.654215084348 0.708117305015 0.654215085083 0.500714548800 0.270984761240 0.000000000000 
0.000000000000 0.146655895575 0.270984760646 0.354058652508 0.383230324133 0.354058652895 0.270984761240 0.146655896057 0.000000000000 
0.000000000000 0.000000000000 0.000000000000 0.000000000000 0.000000000000 0.000000000000 0.000000000000 0.000000000000 0.000000000000 



Berechnungszeit:    0.027666 s 
Speicherbedarf:     0.004768 MiB
Berechnungsmethode: Gauß-Seidel
Interlines:         2
Stoerfunktion:      f(x,y) = 2pi^2*sin(pi*x)sin(pi*y)
Terminierung:       Anzahl der Iterationen
Anzahl Iterationen: 1024
0.000000000000 0.000000000000 0.000000000000 0.000000000000 0.000000000000 0.000000000000 0.000000000000 0.000000000000 0.000000000000 
0.000000000000 0.146655895013 0.270984759633 0.354058651218 0.383230322772 0.354058651670 0.270984760326 0.146655895575 0.000000000000 Norm des Fehlers:   3.980769e-10


0.000000000000 0.270984759633 0.500714546427 0.654215082760 0.708117303340 0.654215083575 0.500714547675 0.270984760646 0.000000000000 
0.000000000000 0.354058651218 0.654215082760 0.854773198737 0.925199843901 0.854773199774 0.654215084348 0.354058652508 0.000000000000 
0.000000000000 0.383230322772 0.708117303340 0.925199843901 1.001429095349 0.925199844995 0.708117305015 0.383230324133 0.000000000000 
0.000000000000 0.354058651670 0.654215083575 0.854773199774 0.925199844995 0.854773200759 0.654215085083 0.354058652895 0.000000000000 
0.000000000000 0.270984760326 0.500714547675 0.654215084348 0.708117305015 0.654215085083 0.500714548800 0.270984761240 0.000000000000 
0.000000000000 0.146655895575 0.270984760646 0.354058652508 0.383230324133 0.354058652895 0.270984761240 0.146655896057 0.000000000000 
0.000000000000 0.000000000000 0.000000000000 0.000000000000 0.000000000000 0.000000000000 0.000000000000 0.000000000000 0.000000000000 



0.000000000000 0.000000000000 0.000000000000 0.000000000000 0.000000000000 0.000000000000 0.000000000000 0.000000000000 0.000000000000 
Berechnungszeit:    0.035897 s 
Speicherbedarf:     0.004768 MiB
Berechnungsmethode: Gauß-Seidel
Interlines:         2
Stoerfunktion:      f(x,y) = 2pi^2*sin(pi*x)sin(pi*y)
Terminierung:       Anzahl der Iterationen
Anzahl Iterationen: 1024
Norm des Fehlers:   3.980769e-10

0.000000000000 0.146655895013 0.270984759633 0.354058651218 0.383230322772 0.354058651670 0.270984760326 0.146655895575 0.000000000000 
0.000000000000 0.270984759633 0.500714546427 0.654215082760 0.708117303340 0.654215083575 0.500714547675 0.270984760646 0.000000000000 
0.000000000000 0.354058651218 0.654215082760 0.854773198737 0.925199843901 0.854773199774 0.654215084348 0.354058652508 0.000000000000 
0.000000000000 0.383230322772 0.708117303340 0.925199843901 1.001429095349 0.925199844995 0.708117305015 0.383230324133 0.000000000000 
0.000000000000 0.354058651670 0.654215083575 0.854773199774 0.925199844995 0.854773200759 0.654215085083 0.354058652895 0.000000000000 
0.000000000000 0.270984760326 0.500714547675 0.654215084348 0.708117305015 0.654215085083 0.500714548800 0.270984761240 0.000000000000 
0.000000000000 0.146655895575 0.270984760646 0.354058652508 0.383230324133 0.354058652895 0.270984761240 0.146655896057 0.000000000000 
0.000000000000 0.000000000000 0.000000000000 0.000000000000 0.000000000000 0.000000000000 0.000000000000 0.000000000000 0.000000000000 



Berechnungszeit:    0.036395 s 
Speicherbedarf:     0.004768 MiB
Berechnungsmethode: Gauß-Seidel
Interlines:         2
Stoerfunktion:      f(x,y) = 2pi^2*sin(pi*x)sin(pi*y)
Terminierung:       Anzahl der Iterationen
Anzahl Iterationen: 1024
Norm des Fehlers:   3.980769e-10
0.000000000000 0.000000000000 0.000000000000 0.000000000000 0.000000000000 0.000000000000 0.000000000000 0.000000000000 0.000000000000 

0.000000000000 0.146655895013 0.270984759633 0.354058651218 0.383230322772 0.354058651670 0.270984760326 0.146655895575 0.000000000000 
0.000000000000 0.270984759633 0.500714546427 0.654215082760 0.708117303340 0.654215083575 0.500714547675 0.270984760646 0.000000000000 
0.000000000000 0.354058651218 0.654215082760 0.854773198737 0.925199843901 0.854773199774 0.654215084348 0.354058652508 0.000000000000 
0.000000000000 0.383230322772 0.708117303340 0.925199843901 1.001429095349 0.925199844995 0.708117305015 0.383230324133 0.000000000000 
0.000000000000 0.354058651670 0.654215083575 0.854773199774 0.925199844995 0.854773200759 0.654215085083 0.354058652895 0.000000000000 
0.000000000000 0.270984760326 0.500714547675 0.654215084348 0.708117305015 0.654215085083 0.500714548800 0.270984761240 0.000000000000 
0.000000000000 0.146655895575 0.270984760646 0.354058652508 0.383230324133 0.354058652895 0.270984761240 0.146655896057 0.000000000000 
0.000000000000 0.000000000000 0.000000000000 0.000000000000 0.000000000000 0.000000000000 0.000000000000 0.000000000000 0.000000000000 



Berechnungszeit:    0.040453 s 
Speicherbedarf:     0.004768 MiB
Berechnungsmethode: Gauß-Seidel
Interlines:         2
Stoerfunktion:      f(x,y) = 2pi^2*sin(pi*x)sin(pi*y)
Terminierung:       Anzahl der Iterationen
Anzahl Iterationen: 1024
Norm des Fehlers:   3.980769e-10

0.000000000000 0.000000000000 0.000000000000 0.000000000000 0.000000000000 0.000000000000 0.000000000000 0.000000000000 0.000000000000 
0.000000000000 0.146655895013 0.270984759633 0.354058651218 0.383230322772 0.354058651670 0.270984760326 0.146655895575 0.000000000000 
0.000000000000 0.270984759633 0.500714546427 0.654215082760 0.708117303340 0.654215083575 0.500714547675 0.270984760646 0.000000000000 
0.000000000000 0.354058651218 0.654215082760 0.854773198737 0.925199843901 0.854773199774 0.654215084348 0.354058652508 0.000000000000 
0.000000000000 0.383230322772 0.708117303340 0.925199843901 1.001429095349 0.925199844995 0.708117305015 0.383230324133 0.000000000000 
0.000000000000 0.354058651670 0.654215083575 0.854773199774 0.925199844995 0.854773200759 0.654215085083 0.354058652895 0.000000000000 
0.000000000000 0.270984760326 0.500714547675 0.654215084348 0.708117305015 0.654215085083 0.500714548800 0.270984761240 0.000000000000 
0.000000000000 0.146655895575 0.270984760646 0.354058652508 0.383230324133 0.354058652895 0.270984761240 0.146655896057 0.000000000000 
0.000000000000 0.000000000000 0.000000000000 0.000000000000 0.000000000000 0.000000000000 0.000000000000 0.000000000000 0.000000000000 



Berechnungszeit:    0.048554 s 
Speicherbedarf:     0.004768 MiB
Berechnungsmethode: Gauß-Seidel
Interlines:         2
Stoerfunktion:      f(x,y) = 2pi^2*sin(pi*x)sin(pi*y)
Terminierung:       Anzahl der Iterationen
Anzahl Iterationen: 1024
Norm des Fehlers:   3.980769e-10

0.000000000000 0.000000000000 0.000000000000 0.000000000000 0.000000000000 0.000000000000 0.000000000000 0.000000000000 0.000000000000 
0.000000000000 0.146655895013 0.270984759633 0.354058651218 0.383230322772 0.354058651670 0.270984760326 0.146655895575 0.000000000000 
0.000000000000 0.270984759633 0.500714546427 0.654215082760 0.708117303340 0.654215083575 0.500714547675 0.270984760646 0.000000000000 
0.000000000000 0.354058651218 0.654215082760 0.854773198737 0.925199843901 0.854773199774 0.654215084348 0.354058652508 0.000000000000 
0.000000000000 0.383230322772 0.708117303340 0.925199843901 1.001429095349 0.925199844995 0.708117305015 0.383230324133 0.000000000000 
0.000000000000 0.354058651670 0.654215083575 0.854773199774 0.925199844995 0.854773200759 0.654215085083 0.354058652895 0.000000000000 
0.000000000000 0.270984760326 0.500714547675 0.654215084348 0.708117305015 0.654215085083 0.500714548800 0.270984761240 0.000000000000 
0.000000000000 0.146655895575 0.270984760646 0.354058652508 0.383230324133 0.354058652895 0.270984761240 0.146655896057 0.000000000000 
0.000000000000 0.000000000000 0.000000000000 0.000000000000 0.000000000000 0.000000000000 0.000000000000 0.000000000000 0.000000000000 



Starting Gauss-Seidel with Term_Precision

0.000000000000 0.000000000000 0.000000000000 0.000000000000 0.000000000000 0.000000000000 0.000000000000 0.000000000000 0.000000000000 
0.000000000000 0.000001362662 0.000002520592 0.000003294784 0.000003567376 0.000003296867 0.000002524439 0.000001367689 0.000000000000 
0.000000000000 0.000002520592 0.000004662484 0.000006094556 0.000006598786 0.000006098411 0.000004669609 0.000002529900 0.000000000000 
Berechnungszeit:    0.229691 s 
Speicherbedarf:     32.281868 MiB
Berechnungsmethode: Gauß-Seidel
Interlines:         256
Stoerfunktion:      f(x,y) = 2pi^2*sin(pi*x)sin(pi*y)
Terminierung:       Hinreichende Genaugkeit
Anzahl Iterationen: 4
Norm des Fehlers:   2.334799e-06

0.000000000000 0.000003294784 0.000006094556 0.000007966486 0.000008625591 0.000007971528 0.000006103872 0.000003306957 0.000000000000 
0.000000000000 0.000003567376 0.000006598786 0.000008625591 0.000009339228 0.000008631052 0.000006608877 0.000003580560 0.000000000000 
0.000000000000 0.000003296867 0.000006098411 0.000007971528 0.000008631052 0.000007976577 0.000006107740 0.000003309055 0.000000000000 
0.000000000000 0.000002524439 0.000004669609 0.000006103872 0.000006608877 0.000006107740 0.000004676755 0.000002533776 0.000000000000 
0.000000000000 0.000001367689 0.000002529900 0.000003306957 0.000003580560 0.000003309055 0.000002533776 0.000001372753 0.000000000000 
0.000000000000 0.000000000000 0.000000000000 0.000000000000 0.000000000000 0.000000000000 0.000000000000 0.000000000000 0.000000000000 

