

Starting Leistungsanalyse Jacobi

Berechnungszeit:    35.678267 s 
Speicherbedarf:     257.126236 MiB
Berechnungsmethode: Jacobi
Interlines:         512
Stoerfunktion:      f(x,y) = 2pi^2*sin(pi*x)sin(pi*y)
Terminierung:       Anzahl der Iterationen
Anzahl Iterationen: 1024
Norm des Fehlers:   2.929037e-07

0.00000000 0.00000000 0.00000000 0.00000000 0.00000000 0.00000000 0.00000000 0.00000000 0.00000000 
0.00000000 0.00004393 0.00008117 0.00010606 0.00011480 0.00010606 0.00008117 0.00004393 0.00000000 
0.00000000 0.00008117 0.00014999 0.00019597 0.00021212 0.00019597 0.00014999 0.00008117 0.00000000 
0.00000000 0.00010606 0.00019597 0.00025605 0.00027714 0.00025605 0.00019597 0.00010606 0.00000000 
0.00000000 0.00011480 0.00021212 0.00027714 0.00029998 0.00027714 0.00021212 0.00011480 0.00000000 
0.00000000 0.00010606 0.00019597 0.00025605 0.00027714 0.00025605 0.00019597 0.00010606 0.00000000 
0.00000000 0.00008117 0.00014999 0.00019597 0.00021212 0.00019597 0.00014999 0.00008117 0.00000000 
0.00000000 0.00004393 0.00008117 0.00010606 0.00011480 0.00010606 0.00008117 0.00004393 0.00000000 
0.00000000 0.00000000 0.00000000 0.00000000 0.00000000 0.00000000 0.00000000 0.00000000 0.00000000 

Berechnungszeit:    30.489378 s 
Speicherbedarf:     257.126236 MiB
Berechnungsmethode: Jacobi
Interlines:         512
Stoerfunktion:      f(x,y) = 2pi^2*sin(pi*x)sin(pi*y)
Terminierung:       Anzahl der Iterationen
Anzahl Iterationen: 1024
Norm des Fehlers:   2.929037e-07

0.00000000 0.00000000 0.00000000 0.00000000 0.00000000 0.00000000 0.00000000 0.00000000 0.00000000 
0.00000000 0.00004393 0.00008117 0.00010606 0.00011480 0.00010606 0.00008117 0.00004393 0.00000000 
0.00000000 0.00008117 0.00014999 0.00019597 0.00021212 0.00019597 0.00014999 0.00008117 0.00000000 
0.00000000 0.00010606 0.00019597 0.00025605 0.00027714 0.00025605 0.00019597 0.00010606 0.00000000 
0.00000000 0.00011480 0.00021212 0.00027714 0.00029998 0.00027714 0.00021212 0.00011480 0.00000000 
0.00000000 0.00010606 0.00019597 0.00025605 0.00027714 0.00025605 0.00019597 0.00010606 0.00000000 
0.00000000 0.00008117 0.00014999 0.00019597 0.00021212 0.00019597 0.00014999 0.00008117 0.00000000 
0.00000000 0.00004393 0.00008117 0.00010606 0.00011480 0.00010606 0.00008117 0.00004393 0.00000000 
0.00000000 0.00000000 0.00000000 0.00000000 0.00000000 0.00000000 0.00000000 0.00000000 0.00000000 

Berechnungszeit:    418.769830 s 
Speicherbedarf:     257.126236 MiB
Berechnungsmethode: Jacobi
Interlines:         512
Stoerfunktion:      f(x,y) = 2pi^2*sin(pi*x)sin(pi*y)
Terminierung:       Anzahl der Iterationen
Anzahl Iterationen: 1024
Norm des Fehlers:   2.929037e-07

Matrix:
0.00000000 0.00000000 0.00000000 0.00000000 0.00000000 0.00000000 0.00000000 0.00000000 0.00000000 
0.00000000 0.00004393 0.00008117 0.00010606 0.00011480 0.00010606 0.00008117 0.00004393 0.00000000 
0.00000000 0.00008117 0.00014999 0.00019597 0.00021212 0.00019597 0.00014999 0.00008117 0.00000000 
0.00000000 0.00010606 0.00019597 0.00025605 0.00027714 0.00025605 0.00019597 0.00010606 0.00000000 
0.00000000 0.00011480 0.00021212 0.00027714 0.00029998 0.00027714 0.00021212 0.00011480 0.00000000 
0.00000000 0.00010606 0.00019597 0.00025605 0.00027714 0.00025605 0.00019597 0.00010606 0.00000000 
0.00000000 0.00008117 0.00014999 0.00019597 0.00021212 0.00019597 0.00014999 0.00008117 0.00000000 
0.00000000 0.00004393 0.00008117 0.00010606 0.00011480 0.00010606 0.00008117 0.00004393 0.00000000 
0.00000000 0.00000000 0.00000000 0.00000000 0.00000000 0.00000000 0.00000000 0.00000000 0.00000000 
Berechnungszeit:    418.811581 s 
Speicherbedarf:     257.126236 MiB
Berechnungsmethode: Jacobi
Interlines:         512
Stoerfunktion:      f(x,y) = 2pi^2*sin(pi*x)sin(pi*y)
Terminierung:       Anzahl der Iterationen
Anzahl Iterationen: 1024
Norm des Fehlers:   2.929037e-07

Matrix:
0.00000000 0.00000000 0.00000000 0.00000000 0.00000000 0.00000000 0.00000000 0.00000000 0.00000000 
0.00000000 0.00004393 0.00008117 0.00010606 0.00011480 0.00010606 0.00008117 0.00004393 0.00000000 
0.00000000 0.00008117 0.00014999 0.00019597 0.00021212 0.00019597 0.00014999 0.00008117 0.00000000 
0.00000000 0.00010606 0.00019597 0.00025605 0.00027714 0.00025605 0.00019597 0.00010606 0.00000000 
0.00000000 0.00011480 0.00021212 0.00027714 0.00029998 0.00027714 0.00021212 0.00011480 0.00000000 
0.00000000 0.00010606 0.00019597 0.00025605 0.00027714 0.00025605 0.00019597 0.00010606 0.00000000 
0.00000000 0.00008117 0.00014999 0.00019597 0.00021212 0.00019597 0.00014999 0.00008117 0.00000000 
0.00000000 0.00004393 0.00008117 0.00010606 0.00011480 0.00010606 0.00008117 0.00004393 0.00000000 
0.00000000 0.00000000 0.00000000 0.00000000 0.00000000 0.00000000 0.00000000 0.00000000 0.00000000 
Berechnungszeit:    208.154691 s 
Speicherbedarf:     257.126236 MiB
Berechnungsmethode: Jacobi
Interlines:         512
Stoerfunktion:      f(x,y) = 2pi^2*sin(pi*x)sin(pi*y)
Terminierung:       Anzahl der Iterationen
Anzahl Iterationen: 1024
Norm des Fehlers:   2.929037e-07

0.00000000 0.00000000 0.00000000 0.00000000 0.00000000 0.00000000 0.00000000 0.00000000 0.00000000 
0.00000000 0.00004393 0.00008117 0.00010606 0.00011480 0.00010606 0.00008117 0.00004393 0.00000000 
0.00000000 0.00008117 0.00014999 0.00019597 0.00021212 0.00019597 0.00014999 0.00008117 0.00000000 
0.00000000 0.00010606 0.00019597 0.00025605 0.00027714 0.00025605 0.00019597 0.00010606 0.00000000 
0.00000000 0.00011480 0.00021212 0.00027714 0.00029998 0.00027714 0.00021212 0.00011480 0.00000000 
0.00000000 0.00010606 0.00019597 0.00025605 0.00027714 0.00025605 0.00019597 0.00010606 0.00000000 
0.00000000 0.00008117 0.00014999 0.00019597 0.00021212 0.00019597 0.00014999 0.00008117 0.00000000 
0.00000000 0.00004393 0.00008117 0.00010606 0.00011480 0.00010606 0.00008117 0.00004393 0.00000000 
0.00000000 0.00000000 0.00000000 0.00000000 0.00000000 0.00000000 0.00000000 0.00000000 0.00000000 

Berechnungszeit:    210.080138 s 
Speicherbedarf:     257.126236 MiB
Berechnungsmethode: Jacobi
Interlines:         512
Stoerfunktion:      f(x,y) = 2pi^2*sin(pi*x)sin(pi*y)
Terminierung:       Anzahl der Iterationen
Anzahl Iterationen: 1024
Norm des Fehlers:   2.929037e-07

0.00000000 0.00000000 0.00000000 0.00000000 0.00000000 0.00000000 0.00000000 0.00000000 0.00000000 
0.00000000 0.00004393 0.00008117 0.00010606 0.00011480 0.00010606 0.00008117 0.00004393 0.00000000 
0.00000000 0.00008117 0.00014999 0.00019597 0.00021212 0.00019597 0.00014999 0.00008117 0.00000000 
0.00000000 0.00010606 0.00019597 0.00025605 0.00027714 0.00025605 0.00019597 0.00010606 0.00000000 
0.00000000 0.00011480 0.00021212 0.00027714 0.00029998 0.00027714 0.00021212 0.00011480 0.00000000 
0.00000000 0.00010606 0.00019597 0.00025605 0.00027714 0.00025605 0.00019597 0.00010606 0.00000000 
0.00000000 0.00008117 0.00014999 0.00019597 0.00021212 0.00019597 0.00014999 0.00008117 0.00000000 
0.00000000 0.00004393 0.00008117 0.00010606 0.00011480 0.00010606 0.00008117 0.00004393 0.00000000 
0.00000000 0.00000000 0.00000000 0.00000000 0.00000000 0.00000000 0.00000000 0.00000000 0.00000000 

Berechnungszeit:    35.980709 s 
Speicherbedarf:     257.126236 MiB
Berechnungsmethode: Jacobi
Interlines:         512
Stoerfunktion:      f(x,y) = 2pi^2*sin(pi*x)sin(pi*y)
Terminierung:       Anzahl der Iterationen
Anzahl Iterationen: 1024
Norm des Fehlers:   2.929037e-07

0.00000000 0.00000000 0.00000000 0.00000000 0.00000000 0.00000000 0.00000000 0.00000000 0.00000000 
0.00000000 0.00004393 0.00008117 0.00010606 0.00011480 0.00010606 0.00008117 0.00004393 0.00000000 
0.00000000 0.00008117 0.00014999 0.00019597 0.00021212 0.00019597 0.00014999 0.00008117 0.00000000 
0.00000000 0.00010606 0.00019597 0.00025605 0.00027714 0.00025605 0.00019597 0.00010606 0.00000000 
0.00000000 0.00011480 0.00021212 0.00027714 0.00029998 0.00027714 0.00021212 0.00011480 0.00000000 
0.00000000 0.00010606 0.00019597 0.00025605 0.00027714 0.00025605 0.00019597 0.00010606 0.00000000 
0.00000000 0.00008117 0.00014999 0.00019597 0.00021212 0.00019597 0.00014999 0.00008117 0.00000000 
0.00000000 0.00004393 0.00008117 0.00010606 0.00011480 0.00010606 0.00008117 0.00004393 0.00000000 
0.00000000 0.00000000 0.00000000 0.00000000 0.00000000 0.00000000 0.00000000 0.00000000 0.00000000 

