Starting Gauss-Seidel

Berechnungszeit:    0.016066 s 
Speicherbedarf:     0.004768 MiB
Berechnungsmethode: Gauß-Seidel
Interlines:         2
Stoerfunktion:      f(x,y) = 2pi^2*sin(pi*x)sin(pi*y)
Terminierung:       Anzahl der Iterationen
Anzahl Iterationen: 1024
Norm des Fehlers:   3.980769e-10

Matrix:
0.00000000 0.00000000 0.00000000 0.00000000 0.00000000 0.00000000 0.00000000 0.00000000 0.00000000 
0.00000000 0.14665590 0.27098476 0.35405865 0.38323032 0.35405865 0.27098476 0.14665590 0.00000000 
0.00000000 0.27098476 0.50071455 0.65421508 0.70811730 0.65421508 0.50071455 0.27098476 0.00000000 
0.00000000 0.35405865 0.65421508 0.85477320 0.92519984 0.85477320 0.65421508 0.35405865 0.00000000 
0.00000000 0.38323032 0.70811730 0.92519984 1.00142910 0.92519984 0.70811731 0.38323032 0.00000000 
0.00000000 0.35405865 0.65421508 0.85477320 0.92519984 0.85477320 0.65421509 0.35405865 0.00000000 
0.00000000 0.27098476 0.50071455 0.65421508 0.70811731 0.65421509 0.50071455 0.27098476 0.00000000 
0.00000000 0.14665590 0.27098476 0.35405865 0.38323032 0.35405865 0.27098476 0.14665590 0.00000000 
0.00000000 0.00000000 0.00000000 0.00000000 0.00000000 0.00000000 0.00000000 0.00000000 0.00000000 


Berechnungszeit:    0.018485 s 
Speicherbedarf:     0.004768 MiB
Berechnungsmethode: Gauß-Seidel
Interlines:         2
Stoerfunktion:      f(x,y) = 2pi^2*sin(pi*x)sin(pi*y)
Terminierung:       Anzahl der Iterationen
Anzahl Iterationen: 1024
Norm des Fehlers:   3.980769e-10

Matrix:
0.00000000 0.00000000 0.00000000 0.00000000 0.00000000 0.00000000 0.00000000 0.00000000 0.00000000 
0.00000000 0.14665590 0.27098476 0.35405865 0.38323032 0.35405865 0.27098476 0.14665590 0.00000000 
0.00000000 0.27098476 0.50071455 0.65421508 0.70811730 0.65421508 0.50071455 0.27098476 0.00000000 
0.00000000 0.35405865 0.65421508 0.85477320 0.92519984 0.85477320 0.65421508 0.35405865 0.00000000 
0.00000000 0.38323032 0.70811730 0.92519984 1.00142910 0.92519984 0.70811731 0.38323032 0.00000000 
0.00000000 0.35405865 0.65421508 0.85477320 0.92519984 0.85477320 0.65421509 0.35405865 0.00000000 
0.00000000 0.27098476 0.50071455 0.65421508 0.70811731 0.65421509 0.50071455 0.27098476 0.00000000 
0.00000000 0.14665590 0.27098476 0.35405865 0.38323032 0.35405865 0.27098476 0.14665590 0.00000000 
0.00000000 0.00000000 0.00000000 0.00000000 0.00000000 0.00000000 0.00000000 0.00000000 0.00000000 


Berechnungszeit:    0.019207 s 
Speicherbedarf:     0.004768 MiB
Berechnungsmethode: Gauß-Seidel
Interlines:         2
Stoerfunktion:      f(x,y) = 2pi^2*sin(pi*x)sin(pi*y)
Terminierung:       Anzahl der Iterationen
Anzahl Iterationen: 1024
Norm des Fehlers:   3.980769e-10

Matrix:
0.00000000 0.00000000 0.00000000 0.00000000 0.00000000 0.00000000 0.00000000 0.00000000 0.00000000 
0.00000000 0.14665590 0.27098476 0.35405865 0.38323032 0.35405865 0.27098476 0.14665590 0.00000000 
0.00000000 0.27098476 0.50071455 0.65421508 0.70811730 0.65421508 0.50071455 0.27098476 0.00000000 
0.00000000 0.35405865 0.65421508 0.85477320 0.92519984 0.85477320 0.65421508 0.35405865 0.00000000 
0.00000000 0.38323032 0.70811730 0.92519984 1.00142910 0.92519984 0.70811731 0.38323032 0.00000000 
0.00000000 0.35405865 0.65421508 0.85477320 0.92519984 0.85477320 0.65421509 0.35405865 0.00000000 
0.00000000 0.27098476 0.50071455 0.65421508 0.70811731 0.65421509 0.50071455 0.27098476 0.00000000 
0.00000000 0.14665590 0.27098476 0.35405865 0.38323032 0.35405865 0.27098476 0.14665590 0.00000000 
0.00000000 0.00000000 0.00000000 0.00000000 0.00000000 0.00000000 0.00000000 0.00000000 0.00000000 


Berechnungszeit:    0.018502 s 
Speicherbedarf:     0.004768 MiB
Berechnungsmethode: Gauß-Seidel
Interlines:         2
Stoerfunktion:      f(x,y) = 2pi^2*sin(pi*x)sin(pi*y)
Terminierung:       Anzahl der Iterationen
Anzahl Iterationen: 1024
Norm des Fehlers:   3.980769e-10

Matrix:
0.00000000 0.00000000 0.00000000 0.00000000 0.00000000 0.00000000 0.00000000 0.00000000 0.00000000 
0.00000000 0.14665590 0.27098476 0.35405865 0.38323032 0.35405865 0.27098476 0.14665590 0.00000000 
0.00000000 0.27098476 0.50071455 0.65421508 0.70811730 0.65421508 0.50071455 0.27098476 0.00000000 
0.00000000 0.35405865 0.65421508 0.85477320 0.92519984 0.85477320 0.65421508 0.35405865 0.00000000 
0.00000000 0.38323032 0.70811730 0.92519984 1.00142910 0.92519984 0.70811731 0.38323032 0.00000000 
0.00000000 0.35405865 0.65421508 0.85477320 0.92519984 0.85477320 0.65421509 0.35405865 0.00000000 
0.00000000 0.27098476 0.50071455 0.65421508 0.70811731 0.65421509 0.50071455 0.27098476 0.00000000 
0.00000000 0.14665590 0.27098476 0.35405865 0.38323032 0.35405865 0.27098476 0.14665590 0.00000000 
0.00000000 0.00000000 0.00000000 0.00000000 0.00000000 0.00000000 0.00000000 0.00000000 0.00000000 


Berechnungszeit:    0.018779 s 
Speicherbedarf:     0.004768 MiB
Berechnungsmethode: Gauß-Seidel
Interlines:         2
Stoerfunktion:      f(x,y) = 2pi^2*sin(pi*x)sin(pi*y)
Terminierung:       Anzahl der Iterationen
Anzahl Iterationen: 1024
Norm des Fehlers:   3.980769e-10

Matrix:
0.00000000 0.00000000 0.00000000 0.00000000 0.00000000 0.00000000 0.00000000 0.00000000 0.00000000 
0.00000000 0.14665590 0.27098476 0.35405865 0.38323032 0.35405865 0.27098476 0.14665590 0.00000000 
0.00000000 0.27098476 0.50071455 0.65421508 0.70811730 0.65421508 0.50071455 0.27098476 0.00000000 
0.00000000 0.35405865 0.65421508 0.85477320 0.92519984 0.85477320 0.65421508 0.35405865 0.00000000 
0.00000000 0.38323032 0.70811730 0.92519984 1.00142910 0.92519984 0.70811731 0.38323032 0.00000000 
0.00000000 0.35405865 0.65421508 0.85477320 0.92519984 0.85477320 0.65421509 0.35405865 0.00000000 
0.00000000 0.27098476 0.50071455 0.65421508 0.70811731 0.65421509 0.50071455 0.27098476 0.00000000 
0.00000000 0.14665590 0.27098476 0.35405865 0.38323032 0.35405865 0.27098476 0.14665590 0.00000000 
0.00000000 0.00000000 0.00000000 0.00000000 0.00000000 0.00000000 0.00000000 0.00000000 0.00000000 


Berechnungszeit:    0.017977 s 
Speicherbedarf:     0.004768 MiB
Berechnungsmethode: Gauß-Seidel
Interlines:         2
Stoerfunktion:      f(x,y) = 2pi^2*sin(pi*x)sin(pi*y)
Terminierung:       Anzahl der Iterationen
Anzahl Iterationen: 1024
Norm des Fehlers:   3.980769e-10

Matrix:
0.00000000 0.00000000 0.00000000 0.00000000 0.00000000 0.00000000 0.00000000 0.00000000 0.00000000 
0.00000000 0.14665590 0.27098476 0.35405865 0.38323032 0.35405865 0.27098476 0.14665590 0.00000000 
0.00000000 0.27098476 0.50071455 0.65421508 0.70811730 0.65421508 0.50071455 0.27098476 0.00000000 
0.00000000 0.35405865 0.65421508 0.85477320 0.92519984 0.85477320 0.65421508 0.35405865 0.00000000 
0.00000000 0.38323032 0.70811730 0.92519984 1.00142910 0.92519984 0.70811731 0.38323032 0.00000000 
0.00000000 0.35405865 0.65421508 0.85477320 0.92519984 0.85477320 0.65421509 0.35405865 0.00000000 
0.00000000 0.27098476 0.50071455 0.65421508 0.70811731 0.65421509 0.50071455 0.27098476 0.00000000 
0.00000000 0.14665590 0.27098476 0.35405865 0.38323032 0.35405865 0.27098476 0.14665590 0.00000000 
0.00000000 0.00000000 0.00000000 0.00000000 0.00000000 0.00000000 0.00000000 0.00000000 0.00000000 


Berechnungszeit:    0.017257 s 
Speicherbedarf:     0.004768 MiB
Berechnungsmethode: Gauß-Seidel
Interlines:         2
Stoerfunktion:      f(x,y) = 2pi^2*sin(pi*x)sin(pi*y)
Terminierung:       Anzahl der Iterationen
Anzahl Iterationen: 1024
Norm des Fehlers:   3.980769e-10

Matrix:
0.00000000 0.00000000 0.00000000 0.00000000 0.00000000 0.00000000 0.00000000 0.00000000 0.00000000 
0.00000000 0.14665590 0.27098476 0.35405865 0.38323032 0.35405865 0.27098476 0.14665590 0.00000000 
0.00000000 0.27098476 0.50071455 0.65421508 0.70811730 0.65421508 0.50071455 0.27098476 0.00000000 
0.00000000 0.35405865 0.65421508 0.85477320 0.92519984 0.85477320 0.65421508 0.35405865 0.00000000 
0.00000000 0.38323032 0.70811730 0.92519984 1.00142910 0.92519984 0.70811731 0.38323032 0.00000000 
0.00000000 0.35405865 0.65421508 0.85477320 0.92519984 0.85477320 0.65421509 0.35405865 0.00000000 
0.00000000 0.27098476 0.50071455 0.65421508 0.70811731 0.65421509 0.50071455 0.27098476 0.00000000 
0.00000000 0.14665590 0.27098476 0.35405865 0.38323032 0.35405865 0.27098476 0.14665590 0.00000000 
0.00000000 0.00000000 0.00000000 0.00000000 0.00000000 0.00000000 0.00000000 0.00000000 0.00000000 


Berechnungszeit:    0.026812 s 
Speicherbedarf:     0.004768 MiB
Berechnungsmethode: Gauß-Seidel
Interlines:         2
Stoerfunktion:      f(x,y) = 2pi^2*sin(pi*x)sin(pi*y)
Terminierung:       Anzahl der Iterationen
Anzahl Iterationen: 1024
Norm des Fehlers:   3.980769e-10

Matrix:
0.00000000 0.00000000 0.00000000 0.00000000 0.00000000 0.00000000 0.00000000 0.00000000 0.00000000 
0.00000000 0.14665590 0.27098476 0.35405865 0.38323032 0.35405865 0.27098476 0.14665590 0.00000000 
0.00000000 0.27098476 0.50071455 0.65421508 0.70811730 0.65421508 0.50071455 0.27098476 0.00000000 
0.00000000 0.35405865 0.65421508 0.85477320 0.92519984 0.85477320 0.65421508 0.35405865 0.00000000 
0.00000000 0.38323032 0.70811730 0.92519984 1.00142910 0.92519984 0.70811731 0.38323032 0.00000000 
0.00000000 0.35405865 0.65421508 0.85477320 0.92519984 0.85477320 0.65421509 0.35405865 0.00000000 
0.00000000 0.27098476 0.50071455 0.65421508 0.70811731 0.65421509 0.50071455 0.27098476 0.00000000 
0.00000000 0.14665590 0.27098476 0.35405865 0.38323032 0.35405865 0.27098476 0.14665590 0.00000000 
0.00000000 0.00000000 0.00000000 0.00000000 0.00000000 0.00000000 0.00000000 0.00000000 0.00000000 


Berechnungszeit:    0.017732 s 
Speicherbedarf:     0.004768 MiB
Berechnungsmethode: Gauß-Seidel
Interlines:         2
Stoerfunktion:      f(x,y) = 2pi^2*sin(pi*x)sin(pi*y)
Terminierung:       Anzahl der Iterationen
Anzahl Iterationen: 1024
Norm des Fehlers:   3.980769e-10

Matrix:
0.00000000 0.00000000 0.00000000 0.00000000 0.00000000 0.00000000 0.00000000 0.00000000 0.00000000 
0.00000000 0.14665590 0.27098476 0.35405865 0.38323032 0.35405865 0.27098476 0.14665590 0.00000000 
0.00000000 0.27098476 0.50071455 0.65421508 0.70811730 0.65421508 0.50071455 0.27098476 0.00000000 
0.00000000 0.35405865 0.65421508 0.85477320 0.92519984 0.85477320 0.65421508 0.35405865 0.00000000 
0.00000000 0.38323032 0.70811730 0.92519984 1.00142910 0.92519984 0.70811731 0.38323032 0.00000000 
0.00000000 0.35405865 0.65421508 0.85477320 0.92519984 0.85477320 0.65421509 0.35405865 0.00000000 
0.00000000 0.27098476 0.50071455 0.65421508 0.70811731 0.65421509 0.50071455 0.27098476 0.00000000 
0.00000000 0.14665590 0.27098476 0.35405865 0.38323032 0.35405865 0.27098476 0.14665590 0.00000000 
0.00000000 0.00000000 0.00000000 0.00000000 0.00000000 0.00000000 0.00000000 0.00000000 0.00000000 


Berechnungszeit:    0.024390 s 
Speicherbedarf:     0.004768 MiB
Berechnungsmethode: Gauß-Seidel
Interlines:         2
Stoerfunktion:      f(x,y) = 2pi^2*sin(pi*x)sin(pi*y)
Terminierung:       Anzahl der Iterationen
Anzahl Iterationen: 1024
Norm des Fehlers:   3.980769e-10

Matrix:
0.00000000 0.00000000 0.00000000 0.00000000 0.00000000 0.00000000 0.00000000 0.00000000 0.00000000 
0.00000000 0.14665590 0.27098476 0.35405865 0.38323032 0.35405865 0.27098476 0.14665590 0.00000000 
0.00000000 0.27098476 0.50071455 0.65421508 0.70811730 0.65421508 0.50071455 0.27098476 0.00000000 
0.00000000 0.35405865 0.65421508 0.85477320 0.92519984 0.85477320 0.65421508 0.35405865 0.00000000 
0.00000000 0.38323032 0.70811730 0.92519984 1.00142910 0.92519984 0.70811731 0.38323032 0.00000000 
0.00000000 0.35405865 0.65421508 0.85477320 0.92519984 0.85477320 0.65421509 0.35405865 0.00000000 
0.00000000 0.27098476 0.50071455 0.65421508 0.70811731 0.65421509 0.50071455 0.27098476 0.00000000 
0.00000000 0.14665590 0.27098476 0.35405865 0.38323032 0.35405865 0.27098476 0.14665590 0.00000000 
0.00000000 0.00000000 0.00000000 0.00000000 0.00000000 0.00000000 0.00000000 0.00000000 0.00000000 
