Starting Gauss-Seidel

Berechnungszeit:    0.020618 s 
Speicherbedarf:     0.004768 MiB
Berechnungsmethode: Gauß-Seidel
Interlines:         2
Stoerfunktion:      f(x,y) = 2pi^2*sin(pi*x)sin(pi*y)
Terminierung:       Anzahl der Iterationen
Anzahl Iterationen: 1024
Norm des Fehlers:   3.980769e-10

Matrix:
0.00000000 0.00000000 0.00000000 0.00000000 0.00000000 0.00000000 0.00000000 0.00000000 0.00000000 
0.00000000 0.14665590 0.27098476 0.35405865 0.38323032 0.35405865 0.27098476 0.14665590 0.00000000 
0.00000000 0.27098476 0.50071455 0.65421508 0.70811730 0.65421508 0.50071455 0.27098476 0.00000000 
0.00000000 0.35405865 0.65421508 0.85477320 0.92519984 0.85477320 0.65421508 0.35405865 0.00000000 
0.00000000 0.38323032 0.70811730 0.92519984 1.00142910 0.92519984 0.70811731 0.38323032 0.00000000 
0.00000000 0.35405865 0.65421508 0.85477320 0.92519984 0.85477320 0.65421509 0.35405865 0.00000000 
0.00000000 0.27098476 0.50071455 0.65421508 0.70811731 0.65421509 0.50071455 0.27098476 0.00000000 
0.00000000 0.14665590 0.27098476 0.35405865 0.38323032 0.35405865 0.27098476 0.14665590 0.00000000 
0.00000000 0.00000000 0.00000000 0.00000000 0.00000000 0.00000000 0.00000000 0.00000000 0.00000000 


Starting Jacobi

Lines = 13, Startline = 0, Endline = 12
Rank 0 allocates 14 lines, with 1 bufferlines
Lines = 12, Startline = 13, Endline = 24
Rank 1 allocates 13 lines, with 1 bufferlines
Rank 0 calculates 12 lines, from local index 1 to local index 12
Rank 1 calculates 11 lines, from local index 1 to local index 11
Berechnungszeit:    0.015709 s 
Speicherbedarf:     0.009537 MiB
Berechnungsmethode: Jacobi
Interlines:         2
Stoerfunktion:      f(x,y) = 2pi^2*sin(pi*x)sin(pi*y)
Terminierung:       Anzahl der Iterationen
Anzahl Iterationen: 1024
Norm des Fehlers:   1.304940e-06

0.00000000 0.00000000 0.00000000 0.00000000 0.00000000 0.00000000 0.00000000 0.00000000 0.00000000 
0.00000000 0.14663375 0.27094384 0.35400519 0.38317246 0.35400519 0.27094384 0.14663375 0.00000000 
0.00000000 0.27094384 0.50063895 0.65411630 0.70801039 0.65411630 0.50063895 0.27094384 0.00000000 
0.00000000 0.35400519 0.65411630 0.85464414 0.92506015 0.85464414 0.65411630 0.35400519 0.00000000 
0.00000000 0.38317246 0.70801039 0.92506015 1.00127789 0.92506015 0.70801039 0.38317246 0.00000000 
0.00000000 0.35400519 0.65411630 0.85464414 0.92506015 0.85464414 0.65411630 0.35400519 0.00000000 
0.00000000 0.27094384 0.50063895 0.65411630 0.70801039 0.65411630 0.50063895 0.27094384 0.00000000 
0.00000000 0.14663375 0.27094384 0.35400519 0.38317246 0.35400519 0.27094384 0.14663375 0.00000000 
0.00000000 0.00000000 0.00000000 0.00000000 0.00000000 0.00000000 0.00000000 0.00000000 0.00000000 

